1 1 2 16 49 63 375 #362
1 1 2 6 599 464 436 #838
1 16 642 643 207 459 6 608 70 46 22 195 196 621 622 518 16 642 643 207 459 6 608 70 #933
1 1 2 6 693 684 195 464 #1051
1 1 2 3 703 704 705 706 707 708 186 709 6 1 625 710 578 711 61 #1068
1 1 2 6 759 760 207 761 77 6 762 207 535 247 2 518 763 230 764 49 765 77 6 766 70 767 61 #1143
1 1 2 6 700 436 6 135 770 68 438 6 608 70 #1159
1 554 772 46 22 19 371 613 69 614 518 554 771 772 #1185
1 147 777 778 77 779 780 781 46 22 24 25 19 26 27 1 23 22 28 29 1 23 22 30 31 19 32 33 22 30 1 34 35 36 37 38 39 40 41 19 30 1 42 43 518 247 782 443 413 38 #1197
1 1 2 798 15 #1239
1 1 2 6 570 1 301 61 #2108
1 81 30 #2138
1 1 2 6 234 285 61 230 69 70 61 46 22 19 371 613 69 614 518 438 77 70 #2183
1 608 31 469 147 33 6 69 70 61 46 22 93 94 36 314 183 518 #2194
1 115 32 31 19 93 94 33 46 22 93 94 36 314 183 518 #2195
1 147 358 31 608 33 46 22 93 94 36 314 183 518 93 94 15 #2196
1 1 2 518 608 178 #2287
1 1 2 6 664 1067 61 135 31 230 106 637 70 46 22 19 371 613 69 614 518 438 77 70 #2317
1 350 757 6 1069 570 46 22 19 371 613 69 614 518 438 77 70 #2326
1 1 2 3 116 277 246 735 1 651 1078 216 #2355
1 1 34 338 1079 61 #2364
1 147 777 778 1081 1082 6 218 1083 46 22 24 25 19 26 27 1 23 22 28 29 1 23 22 30 31 19 32 33 22 30 1 34 35 36 37 38 39 40 41 19 30 1 42 43 518 247 782 443 413 38 #2372
1 1 2 554 351 1 140 #2400
1 1 2 6 63 5 111 63 29 61 68 69 637 70 46 22 24 25 19 26 27 1 23 22 28 29 1 23 22 30 31 19 32 33 22 30 1 34 35 36 37 38 39 40 41 19 30 1 42 43 518 #2418
1 1 2 6 1 34 735 270 1107 6 16 1108 1109 745 160 246 46 22 190 150 183 518 651 781 160 246 #2446
1 1 2 464 436 16 49 #2481
1 1 2 6 178 19 46 22 19 371 613 69 614 518 178 19 #3288
1 444 770 147 1278 264 694 100 77 691 781 46 22 24 25 19 31 1279 1 203 22 149 1280 39 748 147 43 518 #3320
1 1 2 1078 644 #3324
1 16 62 20 77 536 46 22 19 20 1 21 22 1 23 47 53 54 6 16 81 188 #3325
1 16 552 18 85 608 70 6 338 565 226 608 236 1284 6 485 153 236 46 22 19 371 613 69 614 518 338 565 77 153 236 61 #3352
1 1 2 6 103 1295 1296 135 1297 1298 236 351 6 99 100 816 1299 135 507 153 351 #3418
1 1 2 6 135 98 426 950 6 1312 351 588 757 448 449 128 1 485 1123 1313 66 417 6 31 230 438 106 70 #3444
1 1 2 6 135 98 426 950 61 31 230 438 106 70 61 46 22 19 371 613 69 614 518 438 77 70 #3446
1 1 2 735 838 162 #3458
1 1 2 6 436 46 22 24 25 19 26 27 1 23 22 28 29 1 23 22 30 31 19 32 33 22 30 1 34 35 36 37 38 39 40 41 19 30 1 42 43 47 17 #3951
1 1 2 3 44 1438 #4274
1 1446 31 1447 1448 288 1449 135 570 6 16 153 236 #4288
1 2 6 147 996 243 1001 100 1501 566 1502 6 19 371 69 70 46 22 19 371 613 69 614 518 1033 1 34 6 1475 61 #4460
1 2 6 1503 1504 1505 351 6 19 371 69 70 46 22 19 371 613 69 614 518 1033 1 34 6 1475 61 #4470
1 1 2 3 11 109 103 1522 1523 61 #4547
1 413 1524 99 1322 351 6 1525 68 136 6 1509 70 6 99 100 1032 236 61 46 22 19 371 613 69 614 518 438 77 70 #4555
1 1 2 6 1535 10 #4572
1 16 552 18 85 608 70 6 426 363 135 1537 46 22 195 196 621 622 518 #4594
1 1 2 6 1541 #4632
1 1 2 10 29 6 265 15 #5300
1 1 2 6 128 247 1391 6 135 31 230 106 637 70 61 46 22 19 371 613 69 614 518 93 94 1615 1616 23 6 684 1450 757 61 #5302
1 1 2 6 63 167 798 1 21 #5307
1 1626 832 46 22 24 25 19 26 27 1 23 22 28 29 1 23 22 30 31 19 32 33 22 30 1 34 35 36 37 38 39 40 41 19 30 1 42 43 518 19 25 644 #5338
1 1 2 1629 436 6 16 49 #5345
1 1 2 6 1632 1067 6 135 31 230 106 637 70 61 46 22 19 371 613 69 614 518 63 96 183 6 1475 4 61 #5376
1 1 2 3 16 49 409 1057 46 22 24 25 19 26 27 1 23 22 28 29 1 23 22 30 31 19 32 33 22 30 1 34 35 36 37 38 39 40 41 19 30 1 42 43 518 1633 29 1634 #5393
1 1 2 6 1648 1649 195 196 1 1065 101 #5500
1 1 2 591 10 #5538
1 24 25 19 26 27 1 23 22 28 29 1 23 22 30 31 19 32 33 22 30 1 34 35 36 37 38 39 40 41 19 30 1 42 43 46 1322 46 22 24 25 19 26 27 1 23 22 28 29 1 23 22 30 31 19 32 33 22 30 1 34 35 36 37 38 39 40 41 19 30 1 42 43 47 46 1322 #5634
1 24 25 19 26 27 1 23 22 28 29 1 23 22 30 31 19 32 33 22 30 1 34 35 36 37 38 39 40 41 19 30 1 42 43 46 1322 46 22 24 25 19 26 27 1 23 22 28 29 1 23 22 30 31 19 32 33 22 30 1 34 35 36 37 38 39 40 41 19 30 1 42 43 47 46 1322 #5635
1 1 2 3 1717 684 425 1086 71 #6374
1 1 2 6 16 770 71 77 236 #6391
1 1 2 6 16 690 71 77 691 236 19 #6393
1 1 2 6 1727 554 61 #6457
1 1 2 6 1735 832 #6470
1 1 2 6 247 782 351 959 38 6 135 31 230 438 106 637 70 61 46 22 19 371 613 69 614 518 1033 247 782 61 #6478
1 1 2 6 135 1744 426 418 6 350 1539 #6492
1 1 2 6 10 218 15 #6505
1 1 2 6 684 659 638 46 22 93 94 36 314 183 518 #6508
1 1 2 6 735 270 436 #6510
1 1 2 6 735 557 436 #6511
1 1 2 6 735 270 112 856 105 1211 #6664
1 2 6 776 218 247 782 46 22 10 743 644 518 16 767 #6695
1 18 31 147 33 6 31 230 1781 136 70 #6725
1 1 2 6 684 1091 590 281 138 46 22 24 25 19 26 27 1 23 22 28 29 1 23 22 30 31 19 32 33 22 30 1 34 35 36 37 38 39 40 41 19 30 1 42 43 47 16 17 63 152 #6763
1 1 2 6 19 15 #6802
1 1 2 518 66 417 820 135 570 6 350 764 570 #6833
1 1 2 6 684 35 #6902
