92 24 25 19 26 27 1 23 22 28 29 1 23 22 30 31 19 32 33 22 30 1 34 35 36 37 38 39 40 41 19 30 1 42 43 16 44 45 18 46 22 24 25 19 26 27 1 23 22 28 29 1 23 22 30 31 19 32 33 22 30 1 34 35 36 37 38 39 40 41 19 30 1 42 43 47 16 44 45 18 #6
92 44 45 18 24 25 19 26 27 1 23 22 28 29 1 23 22 30 31 19 32 33 22 30 1 34 35 36 37 38 39 40 41 19 30 1 42 43 16 44 72 99 74 18 46 22 24 25 19 26 27 1 23 22 28 29 1 23 22 30 31 19 32 33 22 30 1 34 35 36 37 38 39 40 41 19 30 1 42 43 47 16 44 72 99 74 18 #44
92 44 163 56 18 45 59 24 25 19 26 27 1 23 22 28 29 1 23 22 30 31 19 32 33 22 30 1 34 35 36 37 38 39 40 41 19 30 1 42 43 16 44 45 18 61 46 22 24 25 19 26 27 1 23 22 28 29 1 23 22 30 31 19 32 33 22 30 1 34 35 36 37 38 39 40 41 19 30 1 42 43 47 16 44 45 18 61 #69
92 24 25 19 26 27 1 23 22 28 29 1 23 22 30 31 19 32 33 22 30 1 34 35 36 37 38 39 40 41 19 30 1 42 43 16 44 178 179 46 22 24 25 19 26 27 1 23 22 28 29 1 23 22 30 31 19 32 33 22 30 1 34 35 36 37 38 39 40 41 19 30 1 42 43 47 16 44 178 179 #86
92 19 20 1 21 22 1 23 16 44 178 74 46 22 19 20 1 21 22 1 23 47 16 44 178 74 #100
92 24 25 19 26 27 1 23 22 28 29 1 23 22 30 31 19 32 33 22 30 1 34 35 36 37 38 39 40 41 19 30 1 42 43 44 45 18 46 22 24 25 19 26 27 1 23 22 28 29 1 23 22 30 31 19 32 33 22 30 1 34 35 36 37 38 39 40 41 19 30 1 42 43 47 44 45 18 #127
92 24 25 19 26 27 1 23 22 28 29 1 23 22 30 31 19 32 33 22 30 1 34 35 36 37 38 39 40 41 19 30 1 42 43 16 222 178 18 46 22 24 25 19 26 27 1 23 22 28 29 1 23 22 30 31 19 32 33 22 30 1 34 35 36 37 38 39 40 41 19 30 1 42 43 47 16 222 178 18 #134
92 19 20 1 21 22 1 23 44 45 18 46 22 19 20 1 21 22 1 23 47 44 45 18 #137
92 1 2 6 124 69 70 19 20 1 21 22 1 23 44 45 18 46 22 19 20 1 21 22 1 23 47 44 45 18 #197
92 1 2 6 124 69 70 24 25 19 26 27 1 23 22 28 29 1 23 22 30 31 19 32 33 22 30 1 34 35 36 37 38 39 40 41 19 30 1 42 43 44 183 147 46 22 24 25 19 26 27 1 23 22 28 29 1 23 22 30 31 19 32 33 22 30 1 34 35 36 37 38 39 40 41 19 30 1 42 43 47 44 183 147 #210
92 19 20 1 21 22 1 23 44 45 18 46 22 19 20 1 21 22 1 23 47 44 45 18 #235
92 1 2 3 16 106 180 19 20 1 21 22 1 23 16 44 319 18 46 22 19 20 1 21 22 1 23 47 16 17 35 159 41 35 320 #249
92 19 20 1 21 22 1 23 44 45 18 46 22 19 20 1 21 22 1 23 47 44 45 18 #259
92 24 25 19 26 27 1 23 22 28 29 1 23 22 30 31 19 32 33 22 30 1 34 35 36 37 38 39 40 41 19 30 1 42 43 44 45 18 46 22 24 25 19 26 27 1 23 22 28 29 1 23 22 30 31 19 32 33 22 30 1 34 35 36 37 38 39 40 41 19 30 1 42 43 47 44 45 18 #308
92 19 20 1 21 22 1 23 44 45 18 46 22 19 20 1 21 22 1 23 47 44 45 18 #335
92 24 25 19 26 27 1 23 22 28 29 1 23 22 30 31 19 32 33 22 30 1 34 35 36 37 38 39 40 41 19 30 1 42 43 44 178 46 22 24 25 19 26 27 1 23 22 28 29 1 23 22 30 31 19 32 33 22 30 1 34 35 36 37 38 39 40 41 19 30 1 42 43 47 44 178 #336
92 19 20 1 21 22 1 23 44 183 18 46 22 19 20 1 21 22 1 23 47 44 183 18 #343
92 19 20 1 21 22 1 23 44 45 370 46 22 19 20 1 21 22 1 23 47 44 45 370 #344
92 1 2 6 53 389 241 242 61 19 20 1 21 22 1 23 44 390 18 6 391 241 242 46 22 19 20 1 21 22 1 23 47 44 390 18 6 391 241 242 #394
92 19 20 1 21 22 1 23 44 45 30 #402
92 1 2 3 44 163 45 284 24 25 19 26 27 1 23 22 28 29 1 23 22 30 31 19 32 33 22 30 1 34 35 36 37 38 39 40 41 19 30 1 42 43 44 163 45 284 46 22 24 25 19 26 27 1 23 22 28 29 1 23 22 30 31 19 32 33 22 30 1 34 35 36 37 38 39 40 41 19 30 1 42 43 47 44 163 45 284 #405
92 19 20 1 21 22 1 23 44 45 18 46 22 19 20 1 21 22 1 23 47 44 45 18 #416
92 24 25 19 26 27 1 23 22 28 29 1 23 22 30 31 19 32 33 22 30 1 34 35 36 37 38 39 40 41 19 30 1 42 43 44 45 18 46 22 24 25 19 26 27 1 23 22 28 29 1 23 22 30 31 19 32 33 22 30 1 34 35 36 37 38 39 40 41 19 30 1 42 43 47 44 45 18 #418
92 1 2 3 44 1 23 207 283 284 407 408 284 19 20 1 21 22 1 23 44 18 46 22 19 20 1 21 22 1 23 47 44 18 #424
92 1 2 6 44 178 154 207 283 284 61 19 20 1 21 22 1 23 16 44 178 207 283 284 46 22 19 20 1 21 22 1 23 47 16 44 178 207 283 284 #427
92 19 20 1 21 22 1 23 16 44 178 18 46 22 19 20 1 21 22 1 23 47 16 44 178 18 #428
92 19 20 1 21 22 1 23 44 178 18 46 22 19 20 1 21 22 1 23 47 44 178 18 #437
92 16 44 178 18 19 20 1 21 22 1 23 44 178 418 46 22 19 20 1 21 22 1 23 47 44 178 418 #448
92 19 20 1 21 22 1 23 44 183 18 46 22 19 20 1 21 22 1 23 47 44 183 18 #457
92 19 20 1 21 22 1 23 44 178 18 46 22 19 20 1 21 22 1 23 47 44 178 18 #465
92 19 20 1 21 22 1 23 44 45 18 46 22 19 20 1 21 22 1 23 47 44 45 18 #513
92 24 25 19 26 27 1 23 22 28 29 1 23 22 30 31 19 32 33 22 30 1 34 35 36 37 38 39 40 41 19 30 1 42 43 90 69 44 46 22 24 25 19 26 27 1 23 22 28 29 1 23 22 30 31 19 32 33 22 30 1 34 35 36 37 38 39 40 41 19 30 1 42 43 47 90 69 44 #522
92 19 20 1 21 22 1 23 16 44 178 18 46 22 19 20 1 21 22 1 23 47 16 44 178 18 #523
92 1 2 6 52 15 6 466 467 234 468 467 238 236 19 20 1 21 22 1 23 44 55 18 46 22 19 20 1 21 22 1 23 47 44 55 18 #541
92 1 2 6 44 170 171 172 18 61 19 20 1 21 22 1 23 44 170 6 390 18 46 22 19 20 1 21 22 1 23 47 44 170 3 390 18 #547
92 24 25 19 26 27 1 23 22 28 29 1 23 22 30 31 19 32 33 22 30 1 34 35 36 37 38 39 40 41 19 30 1 42 43 473 46 22 24 25 19 26 27 1 23 22 28 29 1 23 22 30 31 19 32 33 22 30 1 34 35 36 37 38 39 40 41 19 30 1 42 43 47 473 #553
92 24 25 19 26 27 1 23 22 28 29 1 23 22 30 31 19 32 33 22 30 1 34 35 36 37 38 39 40 41 19 30 1 42 43 473 46 22 24 25 19 26 27 1 23 22 28 29 1 23 22 30 31 19 32 33 22 30 1 34 35 36 37 38 39 40 41 19 30 1 42 43 47 473 #554
92 24 25 19 26 27 1 23 22 28 29 1 23 22 30 31 19 32 33 22 30 1 34 35 36 37 38 39 40 41 19 30 1 42 43 44 475 45 18 46 22 24 25 19 26 27 1 23 22 28 29 1 23 22 30 31 19 32 33 22 30 1 34 35 36 37 38 39 40 41 19 30 1 42 43 47 44 475 45 18 #556
92 19 20 1 21 22 1 23 44 45 18 46 22 19 20 1 21 22 1 23 47 44 45 18 #574
92 19 20 1 21 22 1 23 44 45 18 46 22 19 20 1 21 22 1 23 47 44 45 18 #579
92 1 2 3 390 496 4 497 3 31 66 1 294 19 20 1 21 22 1 23 44 319 30 46 22 19 20 1 21 22 1 23 47 44 319 30 #580
92 19 20 1 21 22 1 23 44 183 18 46 22 19 20 1 21 22 1 23 47 44 183 18 #588
92 1 2 6 44 45 207 283 284 19 20 1 21 22 1 23 44 45 19 18 61 46 22 19 20 1 21 22 1 23 47 44 45 19 18 61 #596
92 2 6 520 30 44 6 31 238 521 61 19 20 1 21 22 1 23 16 44 61 46 22 19 20 1 21 22 1 23 47 16 44 61 #633
92 1 2 6 526 527 6 528 6 283 284 5 31 35 159 207 284 5 1 294 518 529 530 6 275 299 300 518 19 20 1 21 22 1 23 44 183 18 46 22 19 20 1 21 22 1 23 47 44 183 18 #650
92 19 20 1 21 22 1 23 16 44 319 18 46 22 19 20 1 21 22 1 23 47 16 44 319 18 #672
92 19 20 1 21 22 1 23 44 178 18 46 22 19 20 1 21 22 1 23 47 44 178 18 #724
92 19 20 1 21 22 1 23 44 183 18 46 22 19 20 1 21 22 1 23 47 44 183 18 #727
92 116 117 30 56 118 119 59 16 44 72 73 539 45 18 46 22 120 121 122 47 16 44 72 73 539 45 18 #752
92 1 2 6 124 69 70 19 20 1 21 22 1 23 44 45 381 18 46 22 19 20 1 21 22 1 23 47 44 45 381 18 #782
92 1 2 6 44 178 154 207 147 18 61 19 20 1 21 22 1 23 44 178 18 46 22 19 20 1 21 22 1 23 47 44 178 18 #784
92 1 2 3 243 299 177 474 188 19 20 1 21 22 1 23 44 45 18 46 22 19 20 1 21 22 1 23 47 243 244 85 299 300 474 247 188 6 16 53 54 #791
92 19 20 1 21 22 1 23 16 44 116 567 19 284 207 582 583 584 46 22 19 20 1 21 22 1 23 47 16 44 116 567 19 284 207 582 583 584 #795
92 19 20 1 21 22 1 23 44 183 18 46 22 19 20 1 21 22 1 23 47 44 183 18 #804
92 19 20 1 21 22 1 23 44 183 18 46 22 19 20 1 21 22 1 23 47 44 183 18 #805
92 19 20 1 21 22 1 23 44 183 18 46 22 19 20 1 21 22 1 23 47 44 183 18 #824
92 1 2 6 44 45 207 35 159 24 25 19 26 27 1 23 22 28 29 1 23 22 30 31 19 32 33 22 30 1 34 35 36 37 38 39 40 41 19 30 1 42 43 44 18 46 22 24 25 19 26 27 1 23 22 28 29 1 23 22 30 31 19 32 33 22 30 1 34 35 36 37 38 39 40 41 19 30 1 42 43 47 44 18 #837
92 19 20 1 21 22 1 23 44 45 18 46 22 19 20 1 21 22 1 23 47 44 45 18 #870
92 19 20 1 21 22 1 23 44 45 18 46 22 19 20 1 21 22 1 23 47 44 45 18 #872
92 1 2 6 44 390 606 207 35 159 61 19 20 1 21 22 1 23 44 390 45 18 46 22 19 20 1 21 22 1 23 47 44 390 45 18 #875
92 19 20 1 21 22 1 23 44 183 18 46 22 19 20 1 21 22 1 23 47 44 183 18 #876
92 19 20 1 21 22 1 23 44 521 18 46 22 19 20 1 21 22 1 23 47 44 521 18 #877
92 19 20 1 21 22 1 23 44 45 521 18 46 22 19 20 1 21 22 1 23 47 44 45 521 18 #878
92 19 20 1 21 22 1 23 44 45 18 46 22 19 20 1 21 22 1 23 47 44 45 18 #1251
92 24 25 19 26 27 1 23 22 28 29 1 23 22 30 31 19 32 33 22 30 1 34 35 36 37 38 39 40 41 19 30 1 42 43 44 45 18 46 22 24 25 19 26 27 1 23 22 28 29 1 23 22 30 31 19 32 33 22 30 1 34 35 36 37 38 39 40 41 19 30 1 42 43 47 44 45 18 #1255
92 19 20 1 21 22 1 23 44 63 167 56 804 59 46 22 19 20 1 21 22 1 23 47 44 63 167 56 804 59 #1258
92 19 20 1 21 22 1 23 44 45 195 196 18 46 22 19 20 1 21 22 1 23 47 44 45 195 196 18 #1264
92 19 20 1 21 22 1 23 44 319 18 46 22 19 20 1 21 22 1 23 47 44 319 18 #1298
92 19 20 1 21 22 1 23 44 45 18 46 22 19 20 1 21 22 1 23 47 44 45 18 #1302
92 24 25 19 26 27 1 23 22 28 29 1 23 22 30 31 19 32 33 22 30 1 34 35 36 37 38 39 40 41 19 30 1 42 43 90 69 44 46 22 24 25 19 26 27 1 23 22 28 29 1 23 22 30 31 19 32 33 22 30 1 34 35 36 37 38 39 40 41 19 30 1 42 43 47 90 69 44 #1307
92 24 25 19 26 27 1 23 22 28 29 1 23 22 30 31 19 32 33 22 30 1 34 35 36 37 38 39 40 41 19 30 1 42 43 16 44 264 171 816 74 46 22 24 25 19 26 27 1 23 22 28 29 1 23 22 30 31 19 32 33 22 30 1 34 35 36 37 38 39 40 41 19 30 1 42 43 47 16 44 264 171 816 74 #1310
92 19 20 1 21 22 1 23 818 66 483 18 484 485 78 85 66 6 16 44 521 18 46 22 19 20 1 21 22 1 23 47 818 66 483 18 484 485 78 85 66 6 16 44 521 18 #1315
92 19 20 1 21 22 1 23 818 66 483 820 18 484 485 149 78 85 66 6 16 44 521 18 46 22 19 20 1 21 22 1 23 47 818 66 483 820 18 484 485 149 78 85 66 6 16 44 521 18 #1322
92 19 20 1 21 22 1 23 44 46 22 19 20 1 21 22 1 23 47 44 #1331
92 24 25 19 26 27 1 23 22 28 29 1 23 22 30 31 19 32 33 22 30 1 34 35 36 37 38 39 40 41 19 30 1 42 43 44 45 18 46 22 24 25 19 26 27 1 23 22 28 29 1 23 22 30 31 19 32 33 22 30 1 34 35 36 37 38 39 40 41 19 30 1 42 43 47 44 45 18 #1349
92 24 25 19 26 27 1 23 22 28 29 1 23 22 30 31 19 32 33 22 30 1 34 35 36 37 38 39 40 41 19 30 1 42 43 44 18 46 22 24 25 19 26 27 1 23 22 28 29 1 23 22 30 31 19 32 33 22 30 1 34 35 36 37 38 39 40 41 19 30 1 42 43 47 44 18 #1353
92 124 69 70 24 25 19 26 27 1 23 22 28 29 1 23 22 30 31 19 32 33 22 30 1 34 35 36 37 38 39 40 41 19 30 1 42 43 44 45 46 22 24 25 19 26 27 1 23 22 28 29 1 23 22 30 31 19 32 33 22 30 1 34 35 36 37 38 39 40 41 19 30 1 42 43 47 44 45 #1355
92 19 20 1 21 22 1 23 16 44 1 23 207 283 284 46 22 19 20 1 21 22 1 23 47 16 44 1 23 207 283 284 #1358
92 19 20 1 21 22 1 23 30 45 46 22 19 20 1 21 22 1 23 47 30 45 #1405
92 19 20 1 21 22 1 23 16 44 521 18 46 22 19 20 1 21 22 1 23 47 16 44 521 18 #1420
92 24 25 19 26 27 1 23 22 28 29 1 23 22 30 31 19 32 33 22 30 1 34 35 36 37 38 39 40 41 19 30 1 42 43 45 46 22 24 25 19 26 27 1 23 22 28 29 1 23 22 30 31 19 32 33 22 30 1 34 35 36 37 38 39 40 41 19 30 1 42 43 47 45 #1442
92 19 20 1 21 22 1 23 44 178 18 46 22 19 20 1 21 22 1 23 47 44 178 18 #1444
92 24 25 19 26 27 1 23 22 28 29 1 23 22 30 31 19 32 33 22 30 1 34 35 36 37 38 39 40 41 19 30 1 42 43 44 45 18 46 22 24 25 19 26 27 1 23 22 28 29 1 23 22 30 31 19 32 33 22 30 1 34 35 36 37 38 39 40 41 19 30 1 42 43 47 44 45 18 #1474
92 1 2 6 124 69 70 61 19 20 1 21 22 1 23 44 45 18 46 22 19 20 1 21 22 1 23 47 44 45 18 #1493
92 24 25 19 26 27 1 23 22 28 29 1 23 22 30 31 19 32 33 22 30 1 34 35 36 37 38 39 40 41 19 30 1 42 43 45 46 22 24 25 19 26 27 1 23 22 28 29 1 23 22 30 31 19 32 33 22 30 1 34 35 36 37 38 39 40 41 19 30 1 42 43 47 45 #1504
92 24 25 19 26 27 1 23 22 28 29 1 23 22 30 31 19 32 33 22 30 1 34 35 36 37 38 39 40 41 19 30 1 42 43 44 45 18 46 22 24 25 19 26 27 1 23 22 28 29 1 23 22 30 31 19 32 33 22 30 1 34 35 36 37 38 39 40 41 19 30 1 42 43 47 44 45 18 #1507
92 24 25 19 26 27 1 23 22 28 29 1 23 22 30 31 19 32 33 22 30 1 34 35 36 37 38 39 40 41 19 30 1 42 43 16 44 72 199 74 18 46 22 24 25 19 26 27 1 23 22 28 29 1 23 22 30 31 19 32 33 22 30 1 34 35 36 37 38 39 40 41 19 30 1 42 43 47 16 44 72 199 74 18 #1510
92 19 20 1 21 22 1 23 44 66 847 848 18 46 22 19 20 1 21 22 1 23 47 44 66 847 848 18 #1514
92 24 25 19 26 27 1 23 22 28 29 1 23 22 30 31 19 32 33 22 30 1 34 35 36 37 38 39 40 41 19 30 1 42 43 44 847 848 46 22 24 25 19 26 27 1 23 22 28 29 1 23 22 30 31 19 32 33 22 30 1 34 35 36 37 38 39 40 41 19 30 1 42 43 47 44 847 848 #1520
92 24 25 19 26 27 1 23 22 28 29 1 23 22 30 31 19 32 33 22 30 1 34 35 36 37 38 39 40 41 19 30 1 42 43 44 45 18 46 22 24 25 19 26 27 1 23 22 28 29 1 23 22 30 31 19 32 33 22 30 1 34 35 36 37 38 39 40 41 19 30 1 42 43 47 44 45 18 #1525
92 19 20 1 21 22 1 23 44 26 152 46 22 19 20 1 21 22 1 23 47 44 26 152 #1543
92 24 25 19 26 27 1 23 22 28 29 1 23 22 30 31 19 32 33 22 30 1 34 35 36 37 38 39 40 41 19 30 1 42 43 576 69 44 46 22 24 25 19 26 27 1 23 22 28 29 1 23 22 30 31 19 32 33 22 30 1 34 35 36 37 38 39 40 41 19 30 1 42 43 47 576 69 44 #1573
92 1 2 6 333 26 152 218 31 336 33 24 25 19 26 27 1 23 22 28 29 1 23 22 30 31 19 32 33 22 30 1 34 35 36 37 38 39 40 41 19 30 1 42 43 44 183 26 152 61 46 22 24 25 19 26 27 1 23 22 28 29 1 23 22 30 31 19 32 33 22 30 1 34 35 36 37 38 39 40 41 19 30 1 42 43 47 16 53 54 423 336 #1579
92 19 20 1 21 22 1 23 16 44 178 18 46 22 19 20 1 21 22 1 23 47 16 44 178 18 #1583
92 879 880 6 16 44 66 24 25 19 26 27 1 23 22 28 29 1 23 22 30 31 19 32 33 22 30 1 34 35 36 37 38 39 40 41 19 30 1 42 43 16 44 66 46 22 24 25 19 26 27 1 23 22 28 29 1 23 22 30 31 19 32 33 22 30 1 34 35 36 37 38 39 40 41 19 30 1 42 43 47 16 44 66 #1617
92 19 20 1 21 22 1 23 44 45 18 46 22 19 20 1 21 22 1 23 47 44 45 18 #1618
92 19 20 1 21 22 1 23 16 44 319 18 46 22 19 20 1 21 22 1 23 47 16 44 319 18 #1623
92 19 20 1 21 22 1 23 16 44 319 18 46 22 19 20 1 21 22 1 23 47 16 44 319 18 #1628
92 19 20 1 21 22 1 23 44 863 6 890 196 78 85 35 159 46 22 19 20 1 21 22 1 23 47 44 863 6 890 196 78 85 35 159 #1632
92 19 20 1 21 22 1 23 44 521 18 46 22 19 20 1 21 22 1 23 47 44 521 18 #1645
92 19 20 1 21 22 1 23 44 72 105 74 45 18 46 22 19 20 1 21 22 1 23 47 44 72 105 74 45 18 #1667
92 24 25 19 26 27 1 23 22 28 29 1 23 22 30 31 19 32 33 22 30 1 34 35 36 37 38 39 40 41 19 30 1 42 43 45 46 22 24 25 19 26 27 1 23 22 28 29 1 23 22 30 31 19 32 33 22 30 1 34 35 36 37 38 39 40 41 19 30 1 42 43 47 45 #1710
92 24 25 654 922 31 654 93 358 22 460 210 31 18 210 41 1 294 207 43 45 44 46 22 24 25 654 922 31 654 93 358 22 460 210 31 18 210 41 1 294 207 43 47 45 44 #1712
92 24 25 19 26 27 1 23 22 28 29 1 23 22 30 31 19 32 33 22 30 1 34 35 36 37 38 39 40 41 19 30 1 42 43 44 72 73 74 18 46 22 24 25 19 26 27 1 23 22 28 29 1 23 22 30 31 19 32 33 22 30 1 34 35 36 37 38 39 40 41 19 30 1 42 43 47 44 72 73 74 18 #1720
92 19 20 1 21 22 1 23 44 183 18 46 22 19 20 1 21 22 1 23 47 44 183 18 #1733
92 1 2 6 283 284 247 154 23 61 24 25 19 26 27 1 23 22 28 29 1 23 22 30 31 19 32 33 22 30 1 34 35 36 37 38 39 40 41 19 30 1 42 43 44 18 46 22 24 25 19 26 27 1 23 22 28 29 1 23 22 30 31 19 32 33 22 30 1 34 35 36 37 38 39 40 41 19 30 1 42 43 47 44 18 #1735
92 1 2 6 124 69 70 61 19 20 1 21 22 1 23 16 44 319 18 46 22 19 20 1 21 22 1 23 47 16 44 319 18 #1749
92 24 25 19 26 27 1 23 22 28 29 1 23 22 30 31 19 32 33 22 30 1 34 35 36 37 38 39 40 41 19 30 1 42 43 45 46 22 24 25 19 26 27 1 23 22 28 29 1 23 22 30 31 19 32 33 22 30 1 34 35 36 37 38 39 40 41 19 30 1 42 43 47 45 #1773
92 19 20 1 21 22 1 23 592 241 941 634 942 6 16 44 178 18 46 22 19 20 1 21 22 1 23 47 592 241 941 634 942 6 16 44 178 18 #1791
92 19 20 1 21 22 1 23 44 319 18 46 22 19 20 1 21 22 1 23 47 44 319 18 #1798
92 24 25 19 26 27 1 23 22 28 29 1 23 22 30 31 19 32 33 22 30 1 34 35 36 37 38 39 40 41 19 30 1 42 43 16 44 61 46 22 24 25 19 26 27 1 23 22 28 29 1 23 22 30 31 19 32 33 22 30 1 34 35 36 37 38 39 40 41 19 30 1 42 43 47 16 44 61 #1804
92 19 20 1 21 22 1 23 16 44 521 18 46 22 19 20 1 21 22 1 23 47 16 44 521 18 #1834
92 19 20 1 21 22 1 23 44 45 18 46 22 19 20 1 21 22 1 23 47 44 45 18 #1837
92 19 20 1 21 22 1 23 44 45 18 46 22 19 20 1 21 22 1 23 47 44 45 18 #1839
92 124 69 19 20 1 21 22 1 23 44 183 18 46 22 19 20 1 21 22 1 23 47 44 183 18 #1840
92 19 20 1 21 22 1 23 44 319 18 46 22 19 20 1 21 22 1 23 47 44 319 18 #1847
92 19 20 1 21 22 1 23 44 319 18 46 22 19 20 1 21 22 1 23 47 44 319 18 #1861
92 24 25 19 26 27 1 23 22 28 29 1 23 22 30 31 19 32 33 22 30 1 34 35 36 37 38 39 40 41 19 30 1 42 43 178 46 22 24 25 19 26 27 1 23 22 28 29 1 23 22 30 31 19 32 33 22 30 1 34 35 36 37 38 39 40 41 19 30 1 42 43 47 178 #1863
92 24 25 19 26 27 1 23 22 28 29 1 23 22 30 31 19 32 33 22 30 1 34 35 36 37 38 39 40 41 19 30 1 42 43 16 44 45 18 46 22 24 25 19 26 27 1 23 22 28 29 1 23 22 30 31 19 32 33 22 30 1 34 35 36 37 38 39 40 41 19 30 1 42 43 47 16 44 45 18 #1868
92 19 20 1 21 22 1 23 44 178 18 46 22 19 20 1 21 22 1 23 47 44 178 18 #1915
92 124 69 70 19 20 1 21 22 1 23 18 45 46 22 19 20 1 21 22 1 23 47 18 45 #1918
92 24 25 19 26 27 1 23 22 28 29 1 23 22 30 31 19 32 33 22 30 1 34 35 36 37 38 39 40 41 19 30 1 42 43 16 44 18 442 46 22 24 25 19 26 27 1 23 22 28 29 1 23 22 30 31 19 32 33 22 30 1 34 35 36 37 38 39 40 41 19 30 1 42 43 47 16 44 18 442 #1966
92 19 20 1 21 22 1 23 44 178 18 46 22 19 20 1 21 22 1 23 47 44 178 18 #1969
92 44 45 30 24 25 19 26 27 1 23 22 28 29 1 23 22 30 31 19 32 33 22 30 1 34 35 36 37 38 39 40 41 19 30 1 42 43 16 44 72 263 74 46 22 24 25 19 26 27 1 23 22 28 29 1 23 22 30 31 19 32 33 22 30 1 34 35 36 37 38 39 40 41 19 30 1 42 43 47 16 44 72 263 74 #1976
92 19 20 1 21 22 1 23 16 44 178 154 207 850 851 46 22 19 20 1 21 22 1 23 47 16 44 178 154 207 850 851 #1978
92 19 20 1 21 22 1 23 44 45 18 46 22 19 20 1 21 22 1 23 47 44 45 18 #1981
92 19 20 1 21 22 1 23 44 319 30 46 22 19 20 1 21 22 1 23 47 44 319 30 #1997
92 53 54 18 72 105 74 19 30 79 44 55 46 22 19 30 79 47 44 55 #2011
92 19 20 1 21 22 1 23 44 178 18 #2019
92 24 25 19 26 27 1 23 22 28 29 1 23 22 30 31 19 32 33 22 30 1 34 35 36 37 38 39 40 41 19 30 1 42 43 16 44 521 18 #2023
92 19 20 1 21 22 1 23 44 319 18 46 22 19 20 1 21 22 1 23 47 44 319 18 #2025
92 19 20 1 21 22 1 23 44 45 18 46 22 19 20 1 21 22 1 23 47 44 45 18 #2043
92 19 20 1 21 22 1 23 44 45 18 46 22 19 20 1 21 22 1 23 47 44 45 18 #2049
92 19 20 1 21 22 1 23 44 45 18 46 22 19 20 1 21 22 1 23 47 44 45 18 #2053
92 19 20 1 21 22 1 23 44 45 18 46 22 19 20 1 21 22 1 23 47 44 45 18 #2063
92 19 20 1 21 22 1 23 44 45 18 #2064
92 24 25 19 26 27 1 23 22 28 29 1 23 22 30 31 19 32 33 22 30 1 34 35 36 37 38 39 40 41 19 30 1 42 43 16 44 1000 171 997 74 46 22 24 25 19 26 27 1 23 22 28 29 1 23 22 30 31 19 32 33 22 30 1 34 35 36 37 38 39 40 41 19 30 1 42 43 47 16 44 1000 171 997 74 #2067
92 19 20 1 21 22 1 23 44 30 46 22 19 20 1 21 22 1 23 47 44 30 #2070
92 24 25 19 26 27 1 23 22 28 29 1 23 22 30 31 19 32 33 22 30 1 34 35 36 37 38 39 40 41 19 30 1 42 43 44 45 30 46 22 24 25 19 26 27 1 23 22 28 29 1 23 22 30 31 19 32 33 22 30 1 34 35 36 37 38 39 40 41 19 30 1 42 43 47 44 45 30 #2073
92 19 20 1 21 22 1 23 35 159 54 634 942 6 16 44 178 18 46 22 19 20 1 21 22 1 23 47 35 159 54 634 942 6 16 44 178 18 #2090
92 19 20 1 21 22 1 23 44 45 18 46 22 19 20 1 21 22 1 23 47 44 45 18 #2099
92 24 25 19 26 27 1 23 22 28 29 1 23 22 30 31 19 32 33 22 30 1 34 35 36 37 38 39 40 41 19 30 1 42 43 17 30 46 22 24 25 19 26 27 1 23 22 28 29 1 23 22 30 31 19 32 33 22 30 1 34 35 36 37 38 39 40 41 19 30 1 42 43 47 17 30 #2516
92 19 20 1 21 22 1 23 16 44 45 18 46 22 19 20 1 21 22 1 23 47 16 44 45 18 #2518
92 24 25 19 26 27 1 23 22 28 29 1 23 22 30 31 19 32 33 22 30 1 34 35 36 37 38 39 40 41 19 30 1 42 43 16 44 18 1129 74 46 22 24 25 19 26 27 1 23 22 28 29 1 23 22 30 31 19 32 33 22 30 1 34 35 36 37 38 39 40 41 19 30 1 42 43 47 16 44 18 1129 74 #2523
92 24 25 19 26 27 1 23 22 28 29 1 23 22 30 31 19 32 33 22 30 1 34 35 36 37 38 39 40 41 19 30 1 42 43 44 45 30 46 22 24 25 19 26 27 1 23 22 28 29 1 23 22 30 31 19 32 33 22 30 1 34 35 36 37 38 39 40 41 19 30 1 42 43 47 44 45 30 #2538
92 19 20 1 21 22 1 23 18 45 46 22 19 20 1 21 22 1 23 47 18 45 #2553
92 19 20 1 21 22 1 23 44 319 18 46 22 19 20 1 21 22 1 23 47 44 319 18 #2560
92 19 20 1 21 22 1 23 44 319 30 46 22 19 20 1 21 22 1 23 47 44 319 30 #2561
92 24 25 19 26 27 1 23 22 28 29 1 23 22 30 31 19 32 33 22 30 1 34 35 36 37 38 39 40 41 19 30 1 42 43 44 72 73 74 18 46 22 24 25 19 26 27 1 23 22 28 29 1 23 22 30 31 19 32 33 22 30 1 34 35 36 37 38 39 40 41 19 30 1 42 43 47 44 72 73 74 18 #2562
92 24 25 19 26 27 1 23 22 28 29 1 23 22 30 31 19 32 33 22 30 1 34 35 36 37 38 39 40 41 19 30 1 42 43 44 72 73 74 18 #2563
92 19 20 1 21 22 1 23 44 319 18 46 22 19 20 1 21 22 1 23 47 44 319 18 #2566
92 19 20 1 21 22 1 23 16 44 178 18 46 22 19 20 1 21 22 1 23 47 16 44 178 18 #2599
92 19 20 1 21 22 1 23 16 44 178 18 #2600
92 19 20 1 21 22 1 23 44 178 18 46 22 19 20 1 21 22 1 23 47 44 178 18 #2601
92 19 20 1 21 22 1 23 44 178 18 46 22 19 20 1 21 22 1 23 47 44 178 18 #2602
92 19 20 1 21 22 1 23 44 45 18 46 22 19 20 1 21 22 1 23 47 44 45 18 #2604
92 19 20 1 21 22 1 23 44 45 18 #2605
92 19 20 1 21 22 1 23 44 45 18 46 22 19 20 1 21 22 1 23 47 44 45 18 #2606
92 124 69 70 24 25 19 26 27 1 23 22 28 29 1 23 22 30 31 19 32 33 22 30 1 34 35 36 37 38 39 40 41 19 30 1 42 43 16 44 45 18 46 22 24 25 19 26 27 1 23 22 28 29 1 23 22 30 31 19 32 33 22 30 1 34 35 36 37 38 39 40 41 19 30 1 42 43 47 16 44 45 18 #2608
92 19 20 1 21 22 1 23 44 45 18 46 22 19 20 1 21 22 1 23 47 44 45 18 #2624
92 19 20 1 21 22 1 23 44 45 18 46 22 19 20 1 21 22 1 23 47 44 45 18 #2626
92 1 2 6 16 49 19 5 19 20 1 21 22 1 23 45 18 46 22 19 20 1 21 22 1 23 47 45 18 #2632
92 24 25 19 26 27 1 23 22 28 29 1 23 22 30 31 19 32 33 22 30 1 34 35 36 37 38 39 40 41 19 30 1 42 43 16 44 45 18 46 22 24 25 19 26 27 1 23 22 28 29 1 23 22 30 31 19 32 33 22 30 1 34 35 36 37 38 39 40 41 19 30 1 42 43 47 16 44 45 18 #2633
92 19 20 1 21 22 1 23 44 319 30 46 22 19 20 1 21 22 1 23 47 44 319 30 #2637
92 24 25 19 26 27 1 23 22 28 29 1 23 22 30 31 19 32 33 22 30 1 34 35 36 37 38 39 40 41 19 30 1 42 43 16 44 45 18 46 22 24 25 19 26 27 1 23 22 28 29 1 23 22 30 31 19 32 33 22 30 1 34 35 36 37 38 39 40 41 19 30 1 42 43 47 16 44 45 18 #2640
92 19 20 1 21 22 1 23 16 44 521 18 #2643
92 19 20 1 21 22 1 23 16 44 521 18 46 22 19 20 1 21 22 1 23 47 16 44 521 18 #2658
92 19 20 1 21 22 1 23 16 44 521 18 46 22 19 20 1 21 22 1 23 47 16 44 521 18 #2669
92 19 20 1 21 22 1 23 16 44 1 21 207 18 6 1148 1151 353 1152 31 324 325 1153 1 294 46 22 19 20 1 21 22 1 23 47 16 44 1 21 207 18 6 1148 1151 353 1152 31 324 325 1153 1 294 #2679
92 1 2 6 18 178 24 25 19 26 27 1 23 22 28 29 1 23 22 30 31 19 32 33 22 30 1 34 35 36 37 38 39 40 41 19 30 1 42 43 16 44 178 66 46 22 24 25 19 26 27 1 23 22 28 29 1 23 22 30 31 19 32 33 22 30 1 34 35 36 37 38 39 40 41 19 30 1 42 43 47 16 44 178 66 #2687
92 24 25 19 26 27 1 23 22 28 29 1 23 22 30 31 19 32 33 22 30 1 34 35 36 37 38 39 40 41 19 30 1 42 43 178 46 22 24 25 19 26 27 1 23 22 28 29 1 23 22 30 31 19 32 33 22 30 1 34 35 36 37 38 39 40 41 19 30 1 42 43 47 178 #2706
92 24 25 19 26 27 1 23 22 28 29 1 23 22 30 31 19 32 33 22 30 1 34 35 36 37 38 39 40 41 19 30 1 42 43 44 45 30 #2711
92 1 2 6 260 57 178 154 61 19 20 1 21 22 1 23 44 319 18 46 22 19 20 1 21 22 1 23 47 44 319 18 #2722
92 24 25 19 26 27 1 23 22 28 29 1 23 22 30 31 19 32 33 22 30 1 34 35 36 37 38 39 40 41 19 30 1 42 43 44 45 30 46 22 24 25 19 26 27 1 23 22 28 29 1 23 22 30 31 19 32 33 22 30 1 34 35 36 37 38 39 40 41 19 30 1 42 43 47 44 45 30 #2726
92 19 20 1 21 22 1 23 18 45 46 22 19 20 1 21 22 1 23 47 18 45 #2735
92 19 20 1 21 22 1 23 18 178 46 22 19 20 1 21 22 1 23 47 18 178 #2743
92 24 25 19 26 27 1 23 22 28 29 1 23 22 30 31 19 32 33 22 30 1 34 35 36 37 38 39 40 41 19 30 1 42 43 178 46 22 24 25 19 26 27 1 23 22 28 29 1 23 22 30 31 19 32 33 22 30 1 34 35 36 37 38 39 40 41 19 30 1 42 43 47 178 #2744
92 19 20 1 21 22 1 23 35 159 45 6 16 44 46 22 19 20 1 21 22 1 23 47 35 159 45 6 16 44 #2754
92 19 20 1 21 22 1 23 44 18 46 22 19 20 1 21 22 1 23 47 44 18 #2757
92 1 2 3 28 409 889 41 274 29 1169 1170 24 25 19 26 27 1 23 22 28 29 1 23 22 30 31 19 32 33 22 30 1 34 35 36 37 38 39 40 41 19 30 1 42 43 44 72 73 539 46 22 24 25 19 26 27 1 23 22 28 29 1 23 22 30 31 19 32 33 22 30 1 34 35 36 37 38 39 40 41 19 30 1 42 43 47 28 409 889 41 274 29 1169 1170 #2765
92 24 25 19 26 27 1 23 22 28 29 1 23 22 30 31 19 32 33 22 30 1 34 35 36 37 38 39 40 41 19 30 1 42 43 16 17 184 46 22 24 25 19 26 27 1 23 22 28 29 1 23 22 30 31 19 32 33 22 30 1 34 35 36 37 38 39 40 41 19 30 1 42 43 47 16 17 184 #2782
92 24 25 19 26 27 1 23 22 28 29 1 23 22 30 31 19 32 33 22 30 1 34 35 36 37 38 39 40 41 19 30 1 42 43 45 89 247 188 #2807
92 19 20 1 21 22 1 23 44 319 18 #2813
92 19 20 1 21 22 1 23 44 18 #2832
92 24 25 19 26 27 1 23 22 28 29 1 23 22 30 31 19 32 33 22 30 1 34 35 36 37 38 39 40 41 19 30 1 42 43 16 44 521 18 46 22 24 25 19 26 27 1 23 22 28 29 1 23 22 30 31 19 32 33 22 30 1 34 35 36 37 38 39 40 41 19 30 1 42 43 47 16 44 521 18 #2858
92 1 2 6 44 1187 6 178 154 61 19 20 1 21 22 1 23 44 319 30 46 22 19 20 1 21 22 1 23 47 44 319 30 #2860
92 24 25 19 26 27 1 23 22 28 29 1 23 22 30 31 19 32 33 22 30 1 34 35 36 37 38 39 40 41 19 30 1 42 43 44 45 18 #2870
92 19 20 1 21 22 1 23 44 319 18 46 22 19 20 1 21 22 1 23 47 44 319 18 #2879
92 24 25 19 26 27 1 23 22 28 29 1 23 22 30 31 19 32 33 22 30 1 34 35 36 37 38 39 40 41 19 30 1 42 43 45 46 22 24 25 19 26 27 1 23 22 28 29 1 23 22 30 31 19 32 33 22 30 1 34 35 36 37 38 39 40 41 19 30 1 42 43 47 45 #2896
92 24 25 19 26 27 1 23 22 28 29 1 23 22 30 31 19 32 33 22 30 1 34 35 36 37 38 39 40 41 19 30 1 42 43 44 72 99 74 #2961
92 24 25 19 26 27 1 23 22 28 29 1 23 22 30 31 19 32 33 22 30 1 34 35 36 37 38 39 40 41 19 30 1 42 43 16 44 61 #2968
92 24 25 19 26 27 1 23 22 28 29 1 23 22 30 31 19 32 33 22 30 1 34 35 36 37 38 39 40 41 19 30 1 42 43 44 965 1157 46 22 24 25 19 26 27 1 23 22 28 29 1 23 22 30 31 19 32 33 22 30 1 34 35 36 37 38 39 40 41 19 30 1 42 43 47 44 965 1157 #2976
92 19 20 1 21 22 1 23 44 45 18 #2990
92 24 25 19 26 27 1 23 22 28 29 1 23 22 30 31 19 32 33 22 30 1 34 35 36 37 38 39 40 41 19 30 1 42 43 17 1206 78 46 22 24 25 19 26 27 1 23 22 28 29 1 23 22 30 31 19 32 33 22 30 1 34 35 36 37 38 39 40 41 19 30 1 42 43 47 17 1206 78 #3003
92 124 69 70 19 20 1 21 22 1 23 16 44 45 18 46 22 19 20 1 21 22 1 23 47 16 44 45 18 #3005
92 19 20 1 21 22 1 23 44 319 30 46 22 19 20 1 21 22 1 23 47 44 319 30 #3041
92 19 20 1 21 22 1 23 44 390 46 22 19 20 1 21 22 1 23 47 44 390 #3083
92 19 20 1 21 22 1 23 44 45 18 #3084
92 19 20 1 21 22 1 23 44 45 18 #3098
92 19 20 1 21 22 1 23 18 178 154 #3099
92 19 20 1 21 22 1 23 16 44 178 18 46 22 19 20 1 21 22 1 23 47 16 44 178 18 #3107
92 19 20 1 21 22 1 23 16 44 178 18 46 22 19 20 1 21 22 1 23 47 16 44 178 18 #3108
92 24 25 19 26 27 1 23 22 28 29 1 23 22 30 31 19 32 33 22 30 1 34 35 36 37 38 39 40 41 19 30 1 42 43 16 44 30 #3113
92 19 20 1 21 22 1 23 44 1230 6 18 178 45 46 22 19 20 1 21 22 1 23 47 44 1230 3 18 178 45 #3162
92 24 25 19 26 27 1 23 22 28 29 1 23 22 30 31 19 32 33 22 30 1 34 35 36 37 38 39 40 41 19 30 1 42 43 44 45 18 #3184
92 19 20 1 21 22 1 23 44 319 18 #3189
92 1 2 6 44 170 19 20 1 21 22 1 23 44 170 18 46 22 19 20 1 21 22 1 23 47 44 170 18 #3196
92 19 20 1 21 22 1 23 44 319 30 46 22 19 20 1 21 22 1 23 47 44 319 30 #3200
92 24 25 19 26 27 1 23 22 28 29 1 23 22 30 31 19 32 33 22 30 1 34 35 36 37 38 39 40 41 19 30 1 42 43 44 18 46 22 24 25 19 26 27 1 23 22 28 29 1 23 22 30 31 19 32 33 22 30 1 34 35 36 37 38 39 40 41 19 30 1 42 43 47 44 18 #3204
92 24 25 19 26 27 1 23 22 28 29 1 23 22 30 31 19 32 33 22 30 1 34 35 36 37 38 39 40 41 19 30 1 42 43 44 45 #3209
92 19 20 1 21 22 1 23 44 45 18 863 518 17 283 284 46 22 19 20 1 21 22 1 23 47 44 45 18 863 518 17 283 284 #3221
92 19 20 1 21 22 1 23 16 44 521 18 46 22 19 20 1 21 22 1 23 47 16 44 521 18 #3223
92 1 2 6 44 45 207 35 159 85 299 300 19 20 1 21 22 1 23 44 45 18 46 22 19 20 1 21 22 1 23 47 44 45 18 #3224
92 1 2 6 391 241 242 19 20 1 21 22 1 23 44 45 18 46 22 19 20 1 21 22 1 23 47 44 45 18 #3225
92 19 20 1 21 22 1 23 44 183 18 1250 46 22 19 20 1 21 22 1 23 47 44 183 18 1250 #3232
92 24 25 19 26 27 1 23 22 28 29 1 23 22 30 31 19 32 33 22 30 1 34 35 36 37 38 39 40 41 19 30 1 42 43 16 44 521 18 46 22 24 25 19 26 27 1 23 22 28 29 1 23 22 30 31 19 32 33 22 30 1 34 35 36 37 38 39 40 41 19 30 1 42 43 47 16 44 521 18 #3500
92 1 2 6 44 178 18 19 20 1 21 22 1 23 44 178 #3502
92 68 69 70 24 25 19 26 27 1 23 22 28 29 1 23 22 30 31 19 32 33 22 30 1 34 35 36 37 38 39 40 41 19 30 1 42 43 44 129 144 6 1325 127 147 46 22 24 25 19 26 27 1 23 22 28 29 1 23 22 30 31 19 32 33 22 30 1 34 35 36 37 38 39 40 41 19 30 1 42 43 47 44 129 144 6 1325 127 147 #3516
92 24 25 19 26 27 1 23 22 28 29 1 23 22 30 31 19 32 33 22 30 1 34 35 36 37 38 39 40 41 19 30 1 42 43 45 18 #3520
92 19 20 1 21 22 1 23 44 45 18 46 22 19 20 1 21 22 1 23 47 44 45 18 #3557
92 19 20 1 21 22 1 23 44 319 18 #3564
92 90 69 123 30 6 220 1338 19 20 1 21 22 1 23 44 45 18 46 22 19 20 1 21 22 1 23 47 17 52 18 #3572
92 24 25 19 26 27 1 23 22 28 29 1 23 22 30 31 19 32 33 22 30 1 34 35 36 37 38 39 40 41 19 30 1 42 43 16 44 72 264 22 172 74 46 22 24 25 19 26 27 1 23 22 28 29 1 23 22 30 31 19 32 33 22 30 1 34 35 36 37 38 39 40 41 19 30 1 42 43 47 16 44 72 264 22 172 74 #3577
92 24 25 19 26 27 1 23 22 28 29 1 23 22 30 31 19 32 33 22 30 1 34 35 36 37 38 39 40 41 19 30 1 42 43 16 44 72 264 22 172 74 46 22 24 25 19 26 27 1 23 22 28 29 1 23 22 30 31 19 32 33 22 30 1 34 35 36 37 38 39 40 41 19 30 1 42 43 47 16 44 72 264 22 172 74 #3578
92 1 2 6 44 45 30 19 20 1 21 22 1 23 44 170 18 46 22 19 20 1 21 22 1 23 47 44 170 18 #3623
92 1 2 6 44 45 207 35 159 24 25 19 26 27 1 23 22 28 29 1 23 22 30 31 19 32 33 22 30 1 34 35 36 37 38 39 40 41 19 30 1 42 43 44 18 46 22 24 25 19 26 27 1 23 22 28 29 1 23 22 30 31 19 32 33 22 30 1 34 35 36 37 38 39 40 41 19 30 1 42 43 47 44 18 #3678
92 72 105 22 73 74 18 178 195 196 5 31 30 5 1 294 16 44 72 99 74 6 178 154 46 22 195 196 5 31 30 5 1 294 47 16 44 72 99 74 6 178 154 #3679
92 24 25 19 26 27 1 23 22 28 29 1 23 22 30 31 19 32 33 22 30 1 34 35 36 37 38 39 40 41 19 30 1 42 43 44 45 46 22 24 25 19 26 27 1 23 22 28 29 1 23 22 30 31 19 32 33 22 30 1 34 35 36 37 38 39 40 41 19 30 1 42 43 47 44 45 #3682
92 19 20 1 21 22 1 23 16 44 178 18 46 22 19 20 1 21 22 1 23 47 16 44 178 18 #3684
92 19 20 1 21 22 1 23 44 45 18 46 22 19 20 1 21 22 1 23 47 44 45 18 #3697
92 19 20 1 21 22 1 23 44 45 18 46 22 19 20 1 21 22 1 23 47 44 45 18 #3739
92 1 2 6 18 178 19 20 1 21 22 1 23 18 45 46 22 19 20 1 21 22 1 23 47 18 45 #3750
92 19 20 1 21 22 1 23 16 44 178 18 46 22 19 20 1 21 22 1 23 47 16 44 178 18 #3766
92 19 20 1 21 22 1 23 16 44 178 18 46 22 19 20 1 21 22 1 23 47 16 44 178 18 #3767
92 24 25 19 26 27 1 23 22 28 29 1 23 22 30 31 19 32 33 22 30 1 34 35 36 37 38 39 40 41 19 30 1 42 43 45 46 22 24 25 19 26 27 1 23 22 28 29 1 23 22 30 31 19 32 33 22 30 1 34 35 36 37 38 39 40 41 19 30 1 42 43 47 45 #3802
92 19 20 1 21 22 1 23 16 44 1 21 18 46 22 19 20 1 21 22 1 23 47 16 44 1 21 18 #3846
92 19 20 1 21 22 1 23 16 44 178 18 46 22 19 20 1 21 22 1 23 47 16 44 178 18 #3855
92 24 25 19 26 27 1 23 22 28 29 1 23 22 30 31 19 32 33 22 30 1 34 35 36 37 38 39 40 41 19 30 1 42 43 44 45 18 46 22 24 25 19 26 27 1 23 22 28 29 1 23 22 30 31 19 32 33 22 30 1 34 35 36 37 38 39 40 41 19 30 1 42 43 47 44 45 18 #3863
92 19 20 1 21 22 1 23 44 #3907
92 19 20 1 21 22 1 23 44 45 18 46 22 19 20 1 21 22 1 23 47 44 45 18 #3921
92 24 25 19 26 27 1 23 22 28 29 1 23 22 30 31 19 32 33 22 30 1 34 35 36 37 38 39 40 41 19 30 1 42 43 44 18 46 22 24 25 19 26 27 1 23 22 28 29 1 23 22 30 31 19 32 33 22 30 1 34 35 36 37 38 39 40 41 19 30 1 42 43 47 44 18 #3943
92 19 20 1 21 22 1 23 44 178 30 46 22 19 20 1 21 22 1 23 47 44 178 30 #4031
92 24 25 19 26 27 1 23 22 28 29 1 23 22 30 31 19 32 33 22 30 1 34 35 36 37 38 39 40 41 19 30 1 42 43 44 103 104 46 22 24 25 19 26 27 1 23 22 28 29 1 23 22 30 31 19 32 33 22 30 1 34 35 36 37 38 39 40 41 19 30 1 42 43 47 44 103 104 #4036
92 24 25 19 26 27 1 23 22 28 29 1 23 22 30 31 19 32 33 22 30 1 34 35 36 37 38 39 40 41 19 30 1 42 43 44 45 18 46 22 24 25 19 26 27 1 23 22 28 29 1 23 22 30 31 19 32 33 22 30 1 34 35 36 37 38 39 40 41 19 30 1 42 43 47 44 45 18 #4043
92 1 2 6 283 284 178 154 19 20 1 21 22 1 23 44 45 18 46 22 19 20 1 21 22 1 23 47 44 45 18 #4044
92 19 20 1 21 22 1 23 16 501 147 149 240 241 242 6 248 44 178 18 #4055
92 1 2 3 44 178 284 24 25 19 26 27 1 23 22 28 29 1 23 22 30 31 19 32 33 22 30 1 34 35 36 37 38 39 40 41 19 30 1 42 43 44 18 46 22 24 25 19 26 27 1 23 22 28 29 1 23 22 30 31 19 32 33 22 30 1 34 35 36 37 38 39 40 41 19 30 1 42 43 47 44 18 #4060
92 19 20 1 21 22 1 23 44 178 18 46 22 19 20 1 21 22 1 23 47 44 178 18 #4064
92 19 20 1 21 22 1 23 44 178 283 284 46 22 19 20 1 21 22 1 23 47 44 178 283 284 #4074
92 19 20 1 21 22 1 23 44 45 18 46 22 19 20 1 21 22 1 23 47 44 45 18 #4075
92 19 20 1 21 22 1 23 44 178 283 284 46 22 19 20 1 21 22 1 23 47 44 178 283 284 #4076
92 19 20 1 21 22 1 23 44 178 18 46 22 19 20 1 21 22 1 23 47 44 178 18 #4077
92 19 20 1 21 22 1 23 44 45 18 46 22 19 20 1 21 22 1 23 47 44 45 18 #4078
92 19 20 1 21 22 1 23 16 44 178 207 283 284 #4087
92 19 20 1 21 22 1 23 1408 207 283 284 154 942 6 16 44 45 18 #4089
92 24 25 19 26 27 1 23 22 28 29 1 23 22 30 31 19 32 33 22 30 1 34 35 36 37 38 39 40 41 19 30 1 42 43 44 45 18 #4096
92 24 25 19 26 27 1 23 22 28 29 1 23 22 30 31 19 32 33 22 30 1 34 35 36 37 38 39 40 41 19 30 1 42 43 44 45 18 46 22 24 25 19 26 27 1 23 22 28 29 1 23 22 30 31 19 32 33 22 30 1 34 35 36 37 38 39 40 41 19 30 1 42 43 47 44 45 18 #4149
92 19 20 1 21 22 1 23 44 45 18 46 22 19 20 1 21 22 1 23 47 44 45 18 #4152
92 24 25 19 26 27 1 23 22 28 29 1 23 22 30 31 19 32 33 22 30 1 34 35 36 37 38 39 40 41 19 30 1 42 43 44 45 46 22 24 25 19 26 27 1 23 22 28 29 1 23 22 30 31 19 32 33 22 30 1 34 35 36 37 38 39 40 41 19 30 1 42 43 47 44 45 #4165
92 19 20 1 21 22 1 23 16 44 635 18 46 22 19 20 1 21 22 1 23 47 16 44 635 18 #4203
92 19 20 1 21 22 1 23 44 18 486 46 22 19 20 1 21 22 1 23 47 44 18 486 #4218
92 68 69 614 24 25 19 26 27 1 23 22 28 29 1 23 22 30 31 19 32 33 22 30 1 34 35 36 37 38 39 40 41 19 30 1 42 43 44 18 46 22 24 25 19 26 27 1 23 22 28 29 1 23 22 30 31 19 32 33 22 30 1 34 35 36 37 38 39 40 41 19 30 1 42 43 518 288 1467 1468 68 69 614 #4317
92 19 20 1 21 22 1 23 44 45 18 #4605
92 24 25 19 26 27 1 23 22 28 29 1 23 22 30 31 19 32 33 22 30 1 34 35 36 37 38 39 40 41 19 30 1 42 43 44 46 22 24 25 19 26 27 1 23 22 28 29 1 23 22 30 31 19 32 33 22 30 1 34 35 36 37 38 39 40 41 19 30 1 42 43 47 44 #4617
92 30 99 171 263 45 24 25 19 26 27 1 23 22 28 29 1 23 22 30 31 19 32 33 22 30 1 34 35 36 37 38 39 40 41 19 30 1 42 43 44 45 18 46 22 24 25 19 26 27 1 23 22 28 29 1 23 22 30 31 19 32 33 22 30 1 34 35 36 37 38 39 40 41 19 30 1 42 43 47 44 45 18 #4627
92 2 6 44 381 171 390 18 6 17 531 19 20 1 21 22 1 23 44 381 171 390 18 6 17 531 46 22 19 20 1 21 22 1 23 47 44 381 171 390 18 6 17 531 #4629
92 1 2 80 1540 24 25 19 26 27 1 23 22 28 29 1 23 22 30 31 19 32 33 22 30 1 34 35 36 37 38 39 40 41 19 30 1 42 43 44 45 18 46 22 24 25 19 26 27 1 23 22 28 29 1 23 22 30 31 19 32 33 22 30 1 34 35 36 37 38 39 40 41 19 30 1 42 43 47 44 45 18 #4630
92 24 25 19 26 27 1 23 22 28 29 1 23 22 30 31 19 32 33 22 30 1 34 35 36 37 38 39 40 41 19 30 1 42 43 16 44 178 18 6 248 17 155 46 22 24 25 19 26 27 1 23 22 28 29 1 23 22 30 31 19 32 33 22 30 1 34 35 36 37 38 39 40 41 19 30 1 42 43 47 16 44 178 18 6 248 17 155 #4636
92 19 20 1 21 22 1 23 44 45 18 #4645
92 19 20 1 21 22 1 23 44 18 72 263 74 46 22 19 20 1 21 22 1 23 47 44 18 72 263 74 #4652
92 19 20 1 21 22 1 23 44 72 199 6 816 74 46 22 19 20 1 21 22 1 23 47 44 72 199 3 816 74 #4654
92 24 25 19 26 27 1 23 22 28 29 1 23 22 30 31 19 32 33 22 30 1 34 35 36 37 38 39 40 41 19 30 1 42 43 16 44 72 1545 74 46 22 24 25 19 26 27 1 23 22 28 29 1 23 22 30 31 19 32 33 22 30 1 34 35 36 37 38 39 40 41 19 30 1 42 43 47 16 44 72 1545 74 #4662
92 2 6 18 17 24 25 19 26 27 1 23 22 28 29 1 23 22 30 31 19 32 33 22 30 1 34 35 36 37 38 39 40 41 19 30 1 42 43 16 44 61 46 22 24 25 19 26 27 1 23 22 28 29 1 23 22 30 31 19 32 33 22 30 1 34 35 36 37 38 39 40 41 19 30 1 42 43 47 16 17 61 #4666
92 1 2 6 66 247 357 19 20 1 21 22 1 23 44 45 18 46 22 19 20 1 21 22 1 23 47 80 357 #4667
92 19 20 1 21 22 1 23 1547 1548 851 1549 1550 767 6 16 44 46 22 19 20 1 21 22 1 23 47 1547 1548 851 1549 1550 767 6 16 44 #4668
92 1145 801 18 56 78 178 59 19 20 1 21 22 1 23 16 44 45 18 46 22 19 20 1 21 22 1 23 47 16 44 45 18 #4716
92 24 25 19 26 27 1 23 22 28 29 1 23 22 30 31 19 32 33 22 30 1 34 35 36 37 38 39 40 41 19 30 1 42 43 16 44 72 1556 74 30 46 22 24 25 19 26 27 1 23 22 28 29 1 23 22 30 31 19 32 33 22 30 1 34 35 36 37 38 39 40 41 19 30 1 42 43 47 16 44 72 1556 74 30 #4728
92 19 20 1 21 22 1 23 178 16 44 46 22 19 20 1 21 22 1 23 47 178 16 44 #4734
92 24 25 19 26 27 1 23 22 28 29 1 23 22 30 31 19 32 33 22 30 1 34 35 36 37 38 39 40 41 19 30 1 42 43 44 1 485 18 #4753
92 24 25 19 26 27 1 23 22 28 29 1 23 22 30 31 19 32 33 22 30 1 34 35 36 37 38 39 40 41 19 30 1 42 43 16 44 45 18 #4774
92 24 25 19 26 27 1 23 22 28 29 1 23 22 30 31 19 32 33 22 30 1 34 35 36 37 38 39 40 41 19 30 1 42 43 44 55 171 163 74 18 46 22 24 25 19 26 27 1 23 22 28 29 1 23 22 30 31 19 32 33 22 30 1 34 35 36 37 38 39 40 41 19 30 1 42 43 47 44 55 171 163 74 18 #4786
92 24 25 19 26 27 1 23 22 28 29 1 23 22 30 31 19 32 33 22 30 1 34 35 36 37 38 39 40 41 19 30 1 42 43 16 44 172 171 1562 74 46 22 24 25 19 26 27 1 23 22 28 29 1 23 22 30 31 19 32 33 22 30 1 34 35 36 37 38 39 40 41 19 30 1 42 43 47 16 44 172 171 1562 74 #4799
92 1 2 66 16 357 24 25 19 26 27 1 23 22 28 29 1 23 22 30 31 19 32 33 22 30 1 34 35 36 37 38 39 40 41 19 30 1 42 43 44 72 105 74 46 22 24 25 19 26 27 1 23 22 28 29 1 23 22 30 31 19 32 33 22 30 1 34 35 36 37 38 39 40 41 19 30 1 42 43 47 66 247 357 #4803
92 1 2 6 16 44 30 150 640 1 469 207 66 #4814
92 35 159 318 1403 19 20 1 21 22 1 23 16 44 178 18 46 22 19 20 1 21 22 1 23 47 16 17 21 207 35 159 #4832
92 24 25 19 26 27 1 23 22 28 29 1 23 22 30 31 19 32 33 22 30 1 34 35 36 37 38 39 40 41 19 30 1 42 43 44 45 18 #4931
92 24 25 19 26 27 1 23 22 28 29 1 23 22 30 31 19 32 33 22 30 1 34 35 36 37 38 39 40 41 19 30 1 42 43 16 44 72 1577 22 843 74 46 22 24 25 19 26 27 1 23 22 28 29 1 23 22 30 31 19 32 33 22 30 1 34 35 36 37 38 39 40 41 19 30 1 42 43 47 16 44 72 1577 22 843 74 #4940
92 19 20 1 21 22 1 23 44 30 #4955
92 19 20 1 21 22 1 23 44 319 18 46 22 19 20 1 21 22 1 23 47 44 319 18 #4978
92 24 25 19 26 27 1 23 22 28 29 1 23 22 30 31 19 32 33 22 30 1 34 35 36 37 38 39 40 41 19 30 1 42 43 16 44 172 171 843 74 178 30 46 22 24 25 19 26 27 1 23 22 28 29 1 23 22 30 31 19 32 33 22 30 1 34 35 36 37 38 39 40 41 19 30 1 42 43 47 16 44 172 171 843 74 178 30 #5023
92 19 20 1 21 22 1 23 44 45 18 #5039
92 1 2 6 44 178 207 78 24 25 19 26 27 1 23 22 28 29 1 23 22 30 31 19 32 33 22 30 1 34 35 36 37 38 39 40 41 19 30 1 42 43 44 18 46 22 24 25 19 26 27 1 23 22 28 29 1 23 22 30 31 19 32 33 22 30 1 34 35 36 37 38 39 40 41 19 30 1 42 43 47 44 18 #5047
92 19 20 1 21 22 1 23 44 45 18 46 22 19 20 1 21 22 1 23 47 44 45 18 #5062
92 24 25 19 26 27 1 23 22 28 29 1 23 22 30 31 19 32 33 22 30 1 34 35 36 37 38 39 40 41 19 30 1 42 43 44 182 46 22 24 25 19 26 27 1 23 22 28 29 1 23 22 30 31 19 32 33 22 30 1 34 35 36 37 38 39 40 41 19 30 1 42 43 47 44 182 #5071
92 19 20 1 21 22 1 23 44 18 6 17 30 #5076
92 19 20 1 21 22 1 23 44 45 18 #5097
92 24 25 19 26 27 1 23 22 28 29 1 23 22 30 31 19 32 33 22 30 1 34 35 36 37 38 39 40 41 19 30 1 42 43 44 1178 18 46 22 24 25 19 26 27 1 23 22 28 29 1 23 22 30 31 19 32 33 22 30 1 34 35 36 37 38 39 40 41 19 30 1 42 43 47 44 1178 18 #5111
92 1 2 6 10 113 69 70 19 20 1 21 22 1 23 44 45 18 46 22 19 20 1 21 22 1 23 47 44 45 18 #5123
92 1 2 6 57 58 31 656 1591 1592 33 19 20 1 21 22 1 23 44 183 18 46 22 19 20 1 21 22 1 23 47 44 183 18 #5134
92 24 25 19 26 27 1 23 22 28 29 1 23 22 30 31 19 32 33 22 30 1 34 35 36 37 38 39 40 41 19 30 1 42 43 44 18 46 22 24 25 19 26 27 1 23 22 28 29 1 23 22 30 31 19 32 33 22 30 1 34 35 36 37 38 39 40 41 19 30 1 42 43 47 44 18 #5150
92 19 20 1 21 22 1 23 44 183 18 46 22 19 20 1 21 22 1 23 47 44 183 18 #5165
92 19 20 1 21 22 1 23 44 45 18 46 22 19 20 1 21 22 1 23 47 44 45 18 #5172
92 1 2 6 284 5 31 351 5 1 294 24 25 19 26 27 1 23 22 28 29 1 23 22 30 31 19 32 33 22 30 1 34 35 36 37 38 39 40 41 19 30 1 42 43 44 18 46 22 24 25 19 26 27 1 23 22 28 29 1 23 22 30 31 19 32 33 22 30 1 34 35 36 37 38 39 40 41 19 30 1 42 43 47 44 18 #5174
92 19 20 1 21 22 1 23 44 45 18 46 22 19 20 1 21 22 1 23 47 44 45 18 #5176
92 24 25 19 26 27 1 23 22 28 29 1 23 22 30 31 19 32 33 22 30 1 34 35 36 37 38 39 40 41 19 30 1 42 43 44 18 46 22 24 25 19 26 27 1 23 22 28 29 1 23 22 30 31 19 32 33 22 30 1 34 35 36 37 38 39 40 41 19 30 1 42 43 47 44 18 #5188
92 19 20 1 21 22 1 23 44 45 18 61 #5189
92 35 159 178 19 20 1 21 22 1 23 44 55 6 381 45 18 46 22 19 20 1 21 22 1 23 47 44 55 6 381 45 18 #5192
92 19 20 1 21 22 1 23 44 45 18 46 22 19 20 1 21 22 1 23 47 44 45 18 #5220
92 19 20 1 21 22 1 23 44 45 18 46 22 19 20 1 21 22 1 23 47 44 45 18 #5243
92 19 20 1 21 22 1 23 44 178 18 #5250
92 24 25 19 26 27 1 23 22 28 29 1 23 22 30 31 19 32 33 22 30 1 34 35 36 37 38 39 40 41 19 30 1 42 43 16 44 72 263 171 1577 74 46 22 24 25 19 26 27 1 23 22 28 29 1 23 22 30 31 19 32 33 22 30 1 34 35 36 37 38 39 40 41 19 30 1 42 43 47 16 44 72 263 171 1577 74 #5256
92 2 6 1090 384 861 445 135 351 6 19 371 69 70 46 22 19 371 613 69 614 518 19 178 1475 61 #5371
92 19 30 79 44 45 18 46 22 19 30 79 47 44 45 18 #5552
92 16 44 381 521 18 24 25 19 26 27 1 23 22 28 29 1 23 22 30 31 19 32 33 22 30 1 34 35 36 37 38 39 40 41 19 30 1 42 43 16 44 521 18 46 22 24 25 19 26 27 1 23 22 28 29 1 23 22 30 31 19 32 33 22 30 1 34 35 36 37 38 39 40 41 19 30 1 42 43 47 16 44 521 18 #5583
92 19 20 1 21 22 1 23 44 319 18 46 22 19 20 1 21 22 1 23 47 44 319 18 #5590
92 24 25 19 26 27 1 23 22 28 29 1 23 22 30 31 19 32 33 22 30 1 34 35 36 37 38 39 40 41 19 30 1 42 43 44 45 18 #5594
92 19 20 1 21 22 1 23 44 30 #5600
92 19 20 1 21 22 1 23 44 319 30 46 22 19 20 1 21 22 1 23 47 44 319 30 #5604
92 19 20 1 21 22 1 23 44 319 18 46 22 19 20 1 21 22 1 23 47 44 319 18 #5615
92 24 25 19 26 27 1 23 22 28 29 1 23 22 30 31 19 32 33 22 30 1 34 35 36 37 38 39 40 41 19 30 1 42 43 16 44 18 46 22 24 25 19 26 27 1 23 22 28 29 1 23 22 30 31 19 32 33 22 30 1 34 35 36 37 38 39 40 41 19 30 1 42 43 47 16 44 18 #5617
92 44 45 18 6 49 115 1275 6 268 57 721 30 24 25 19 26 27 1 23 22 28 29 1 23 22 30 31 19 32 33 22 30 1 34 35 36 37 38 39 40 41 19 30 1 42 43 16 44 72 461 74 18 46 22 24 25 19 26 27 1 23 22 28 29 1 23 22 30 31 19 32 33 22 30 1 34 35 36 37 38 39 40 41 19 30 1 42 43 47 16 44 72 816 74 39 590 74 18 39 17 147 1659 167 #5625
92 44 45 18 24 25 19 26 27 1 23 22 28 29 1 23 22 30 31 19 32 33 22 30 1 34 35 36 37 38 39 40 41 19 30 1 42 43 44 18 46 22 24 25 19 26 27 1 23 22 28 29 1 23 22 30 31 19 32 33 22 30 1 34 35 36 37 38 39 40 41 19 30 1 42 43 47 44 18 #5639
92 19 20 1 21 22 1 23 44 45 18 46 22 19 20 1 21 22 1 23 47 44 45 18 #5640
92 19 20 1 21 22 1 23 44 45 18 46 22 19 20 1 21 22 1 23 47 44 45 18 #5641
92 19 20 1 21 22 1 23 44 45 18 46 22 19 20 1 21 22 1 23 47 44 45 18 #5642
92 19 20 1 21 22 1 23 44 45 18 46 22 19 20 1 21 22 1 23 47 44 45 18 #5643
92 19 20 1 21 22 1 23 44 319 18 46 22 19 20 1 21 22 1 23 47 44 319 18 #5644
92 19 20 1 21 22 1 23 44 319 18 46 22 19 20 1 21 22 1 23 47 44 319 18 #5645
92 24 25 19 26 27 1 23 22 28 29 1 23 22 30 31 19 32 33 22 30 1 34 35 36 37 38 39 40 41 19 30 1 42 43 44 18 46 22 24 25 19 26 27 1 23 22 28 29 1 23 22 30 31 19 32 33 22 30 1 34 35 36 37 38 39 40 41 19 30 1 42 43 47 44 18 #5646
92 19 20 1 21 22 1 23 44 319 1660 46 22 19 20 1 21 22 1 23 47 44 319 1660 #5647
92 19 20 1 21 22 1 23 44 45 18 46 22 19 20 1 21 22 1 23 47 44 45 18 #5648
92 19 20 1 21 22 1 23 44 319 18 46 22 19 20 1 21 22 1 23 47 44 319 18 #5649
92 24 25 19 26 27 1 23 22 28 29 1 23 22 30 31 19 32 33 22 30 1 34 35 36 37 38 39 40 41 19 30 1 42 43 16 44 263 171 172 74 46 22 24 25 19 26 27 1 23 22 28 29 1 23 22 30 31 19 32 33 22 30 1 34 35 36 37 38 39 40 41 19 30 1 42 43 47 16 44 263 171 172 74 #5667
92 19 20 1 21 22 1 23 44 45 18 #5674
92 53 54 63 152 6 5 15 24 25 19 26 27 1 23 22 28 29 1 23 22 30 31 19 32 33 22 30 1 34 35 36 37 38 39 40 41 19 30 1 42 43 44 45 18 46 22 24 25 19 26 27 1 23 22 28 29 1 23 22 30 31 19 32 33 22 30 1 34 35 36 37 38 39 40 41 19 30 1 42 43 47 53 54 1662 63 152 #5683
92 24 25 19 26 27 1 23 22 28 29 1 23 22 30 31 19 32 33 22 30 1 34 35 36 37 38 39 40 41 19 30 1 42 43 44 45 18 #5718
92 30 45 24 25 19 26 27 1 23 22 28 29 1 23 22 30 31 19 32 33 22 30 1 34 35 36 37 38 39 40 41 19 30 1 42 43 44 45 18 46 22 24 25 19 26 27 1 23 22 28 29 1 23 22 30 31 19 32 33 22 30 1 34 35 36 37 38 39 40 41 19 30 1 42 43 47 44 45 18 #5724
92 19 20 1 21 22 1 23 44 302 45 18 46 22 19 20 1 21 22 1 23 47 44 302 45 18 #5729
92 19 20 1 21 22 1 23 44 45 18 46 22 19 20 1 21 22 1 23 47 44 45 18 #5730
92 19 20 1 21 22 1 23 44 45 178 18 46 22 19 20 1 21 22 1 23 47 44 45 178 18 #5733
92 19 20 1 21 22 1 23 44 45 18 46 22 19 20 1 21 22 1 23 47 44 45 18 #5782
92 24 25 19 26 27 1 23 22 28 29 1 23 22 30 31 19 32 33 22 30 1 34 35 36 37 38 39 40 41 19 30 1 42 43 16 44 616 309 46 22 24 25 19 26 27 1 23 22 28 29 1 23 22 30 31 19 32 33 22 30 1 34 35 36 37 38 39 40 41 19 30 1 42 43 47 16 44 616 309 #5800
92 19 20 1 21 22 1 23 44 319 18 46 22 19 20 1 21 22 1 23 47 44 319 18 #5874
92 19 20 1 21 22 1 23 44 45 18 46 22 19 20 1 21 22 1 23 47 44 45 18 #5888
92 19 20 1 21 22 1 23 44 163 18 46 22 19 20 1 21 22 1 23 47 44 163 18 #5889
92 19 20 1 21 22 1 23 44 183 260 57 486 6 248 17 46 22 19 20 1 21 22 1 23 47 44 183 260 57 486 6 248 17 #5977
92 19 20 1 21 22 1 23 44 45 18 #5994
92 16 44 178 66 24 25 19 26 27 1 23 22 28 29 1 23 22 30 31 19 32 33 22 30 1 34 35 36 37 38 39 40 41 19 30 1 42 43 16 44 18 487 74 46 22 24 25 19 26 27 1 23 22 28 29 1 23 22 30 31 19 32 33 22 30 1 34 35 36 37 38 39 40 41 19 30 1 42 43 47 16 44 18 487 74 #6017
92 24 25 19 26 27 1 23 22 28 29 1 23 22 30 31 19 32 33 22 30 1 34 35 36 37 38 39 40 41 19 30 1 42 43 16 44 46 22 24 25 19 26 27 1 23 22 28 29 1 23 22 30 31 19 32 33 22 30 1 34 35 36 37 38 39 40 41 19 30 1 42 43 47 16 44 #6051
92 19 20 1 21 22 1 23 44 319 18 46 22 19 20 1 21 22 1 23 47 44 319 18 #6105
92 24 25 19 26 27 1 23 22 28 29 1 23 22 30 31 19 32 33 22 30 1 34 35 36 37 38 39 40 41 19 30 1 42 43 16 44 45 18 46 22 24 25 19 26 27 1 23 22 28 29 1 23 22 30 31 19 32 33 22 30 1 34 35 36 37 38 39 40 41 19 30 1 42 43 47 16 44 45 18 #6125
92 24 25 19 26 27 1 23 22 28 29 1 23 22 30 31 19 32 33 22 30 1 34 35 36 37 38 39 40 41 19 30 1 42 43 66 45 44 #6131
92 24 25 19 26 27 1 23 22 28 29 1 23 22 30 31 19 32 33 22 30 1 34 35 36 37 38 39 40 41 19 30 1 42 43 44 18 46 22 24 25 19 26 27 1 23 22 28 29 1 23 22 30 31 19 32 33 22 30 1 34 35 36 37 38 39 40 41 19 30 1 42 43 47 44 18 #6134
92 24 25 19 26 27 1 23 22 28 29 1 23 22 30 31 19 32 33 22 30 1 34 35 36 37 38 39 40 41 19 30 1 42 43 16 44 521 18 46 22 24 25 19 26 27 1 23 22 28 29 1 23 22 30 31 19 32 33 22 30 1 34 35 36 37 38 39 40 41 19 30 1 42 43 47 16 44 521 18 #6151
92 19 20 1 21 22 1 23 44 45 18 46 22 19 20 1 21 22 1 23 47 44 45 18 #6153
92 24 25 19 26 27 1 23 22 28 29 1 23 22 30 31 19 32 33 22 30 1 34 35 36 37 38 39 40 41 19 30 1 42 43 45 18 44 46 22 24 25 19 26 27 1 23 22 28 29 1 23 22 30 31 19 32 33 22 30 1 34 35 36 37 38 39 40 41 19 30 1 42 43 47 45 18 44 #6159
92 24 25 19 26 27 1 23 22 28 29 1 23 22 30 31 19 32 33 22 30 1 34 35 36 37 38 39 40 41 19 30 1 42 43 44 72 99 74 #6238
92 19 20 1 21 22 1 23 35 159 178 6 44 45 #6239
92 19 20 1 21 22 1 23 44 45 18 46 22 19 20 1 21 22 1 23 47 44 45 18 #6266
92 19 20 1 21 22 1 23 44 45 18 46 22 19 20 1 21 22 1 23 47 44 45 18 #6267
92 19 20 1 21 22 1 23 44 30 46 22 19 20 1 21 22 1 23 47 44 30 #6275
92 19 20 1 21 22 1 23 44 45 18 46 22 19 20 1 21 22 1 23 47 44 45 18 #6282
92 19 20 1 21 22 1 23 44 45 18 #6283
92 19 20 1 21 22 1 23 44 45 18 46 22 19 20 1 21 22 1 23 47 44 45 18 #6308
92 19 20 1 21 22 1 23 44 45 18 46 22 19 20 1 21 22 1 23 47 44 45 18 #6309
92 19 20 1 21 22 1 23 44 45 18 #6310
92 19 20 1 21 22 1 23 44 45 18 46 22 19 20 1 21 22 1 23 47 44 45 18 #6311
92 19 30 79 44 45 18 46 22 19 30 79 47 44 45 18 #6317
92 1 2 44 45 18 #6729
