21 1 2 3 4 5 #1
21 1 2 3 9 10 11 12 #3
19 13 14 15 6 16 4 #4
9 48 15 6 16 4 #7
21 1 2 3 49 5 #9
19 37 14 15 6 16 4 #10
21 1 2 6 5 75 #19
19 16 4 37 14 #22
19 1 2 3 135 31 90 113 136 6 1 137 138 139 #43
19 37 14 15 6 16 4 #81
19 1 2 3 213 14 214 137 138 22 215 139 #124
20 16 70 219 113 220 58 #128
25 1 2 6 266 183 #167
25 16 268 266 150 #170
19 16 70 219 113 4 37 14 #183
20 16 81 58 150 #221
12 1 2 6 16 307 308 61 #229
19 1 2 6 37 14 15 #240
16 19 20 1 21 22 1 23 293 1 294 46 22 19 20 1 21 22 1 23 47 293 1 294 #270
19 1 2 6 16 49 37 14 22 358 359 #322
19 1 2 37 14 #345
19 16 137 138 215 139 #347
19 1 2 3 213 14 15 61 #421
19 16 307 137 138 139 #432
19 1 2 37 14 15 #440
16 24 25 19 26 27 1 23 22 28 29 1 23 22 30 31 19 32 33 22 30 1 34 35 36 37 38 39 40 41 19 30 1 42 43 416 1 294 #441
13 1 2 6 16 425 426 427 #471
17 428 139 429 430 #475
19 1 2 6 37 14 307 15 #498
17 16 307 138 139 56 437 90 113 6 135 438 59 #500
21 1 2 16 49 19 5 18 72 264 74 46 22 24 25 19 26 27 1 23 22 28 29 1 23 22 30 31 19 32 33 22 30 1 34 35 36 37 38 39 40 41 19 30 1 42 43 47 123 72 264 74 #548
19 1 2 6 508 37 14 15 #607
19 37 14 15 #608
30 508 510 15 #614
19 16 106 37 14 #621
21 1 2 6 16 515 516 517 5 #622
19 358 359 1 257 518 519 137 138 139 #627
19 16 4 508 37 14 #631
19 1 2 6 508 37 14 183 #635
17 16 307 138 139 56 437 90 113 6 135 438 59 #652
21 1 2 16 49 66 5 46 22 24 25 19 26 27 1 23 22 28 29 1 23 22 30 31 19 32 33 22 30 1 34 35 36 37 38 39 40 41 19 30 1 42 43 47 53 54 #664
21 1 2 6 535 35 5 15 46 22 24 25 19 26 27 1 23 22 28 29 1 23 22 30 31 19 32 33 22 30 1 34 35 36 37 38 39 40 41 19 30 1 42 43 47 153 536 537 136 152 #665
19 137 138 139 #684
20 1 2 546 58 15 #696
21 1 2 3 16 515 66 5 #703
19 1 2 37 14 15 #704
19 1 2 6 554 248 35 6 137 138 139 #713
11 16 4 358 359 6 554 248 35 #722
19 1 2 6 37 14 307 183 61 #731
21 1 2 3 16 515 66 5 503 #733
22 1 2 6 16 559 301 238 #740
26 16 559 301 238 #741
16 24 25 19 26 27 1 23 22 28 29 1 23 22 30 31 19 32 33 22 30 1 34 35 36 37 38 39 40 41 19 30 1 42 43 293 1 294 46 22 24 25 19 26 27 1 23 22 28 29 1 23 22 30 31 19 32 33 22 30 1 34 35 36 37 38 39 40 41 19 30 1 42 43 47 293 1 294 #742
19 4 37 14 #743
26 16 559 301 152 186 #744
21 1 2 16 49 5 #749
19 1 2 518 37 14 15 6 4 37 14 #830
19 1 2 6 137 138 139 #846
19 37 14 15 #855
19 37 14 #856
29 1 2 6 16 137 354 238 #881
13 1 2 61 1 485 426 #888
21 1 2 3 49 5 #891
21 4 5 #892
21 1 2 3 5 615 #893
30 1 2 6 618 619 385 #897
21 608 70 5 15 #898
21 1 2 6 5 15 #900
21 180 15 46 22 24 25 19 26 27 1 23 22 28 29 1 23 22 30 31 19 32 33 22 30 1 34 35 36 37 38 39 40 41 19 30 1 42 43 518 180 15 6 620 #904
21 5 15 #905
21 70 4 5 46 22 19 371 613 69 614 518 #906
33 16 4 98 420 #907
20 70 219 113 6 4 58 #910
16 1 2 6 190 191 103 150 307 15 6 135 31 68 438 6 68 69 70 6 608 70 46 22 19 371 613 69 614 518 190 293 15 #924
21 620 6 5 15 46 22 195 196 621 622 518 #927
19 37 14 15 6 16 4 #928
12 70 219 113 6 4 210 67 #934
21 16 4 5 #935
19 13 14 15 6 16 4 #937
12 16 4 210 67 46 22 66 67 15 518 16 4 66 67 61 #939
15 16 268 349 150 #944
21 16 106 19 5 #948
21 1 2 6 16 106 654 5 #960
15 1 2 6 147 31 349 1 294 #962
9 1 2 6 16 4 19 265 #965
9 1 2 6 16 4 48 #970
9 1 2 6 16 4 48 #972
20 1 2 3 135 31 19 371 136 6 16 428 58 150 503 #990
21 180 15 6 620 61 46 22 19 371 613 69 614 518 #991
19 1 2 16 307 137 138 139 #992
25 1 2 6 16 44 266 668 #996
25 1 2 6 266 668 15 #1003
19 37 14 15 6 16 4 #1004
12 1 2 6 66 67 15 #1008
19 1 2 6 37 14 15 61 #1012
21 1 2 6 19 5 31 66 5 1 294 #1014
21 1 2 6 5 1 294 #1017
25 1 2 6 16 44 587 150 46 22 24 25 107 681 21 23 682 69 207 125 518 587 374 15 #1024
21 16 49 5 #1025
21 1 2 6 16 4 19 5 61 #1026
25 1 2 6 266 218 183 #1028
25 1 2 6 350 266 #1030
16 416 33 #1033
19 70 90 219 113 4 37 14 #1034
16 16 49 190 103 150 #1036
21 66 5 686 19 5 #1037
22 1 2 6 19 371 69 70 6 559 687 15 #1038
15 1 2 6 349 183 46 22 24 25 19 26 27 1 23 22 28 29 1 23 22 30 31 19 32 33 22 30 1 34 35 36 37 38 39 40 41 19 30 1 42 43 518 349 15 #1042
21 1 2 6 35 5 15 46 22 19 358 644 518 688 689 6 16 690 106 351 688 6 691 351 692 #1043
21 1 2 6 66 5 15 6 135 31 68 438 6 608 70 46 22 19 371 613 69 614 518 66 5 15 #1044
19 1 2 6 37 14 15 46 22 24 25 19 26 27 1 23 22 28 29 1 23 22 30 31 19 32 33 22 30 1 34 35 36 37 38 39 40 41 19 30 1 42 43 518 614 #1047
16 1 2 6 103 601 307 15 6 19 371 69 70 #1050
16 16 49 190 150 6 135 136 545 91 70 #1057
21 1 2 6 66 697 5 31 296 284 1 294 6 135 31 68 438 6 608 70 46 22 19 5 31 698 296 284 5 1 294 518 135 438 #1061
12 1 2 6 66 67 307 15 #1062
21 1 2 6 5 183 #1064
20 700 247 701 702 46 22 24 25 19 26 27 1 23 22 28 29 1 23 22 30 31 19 32 33 22 30 1 34 35 36 37 38 39 40 41 19 30 1 42 43 518 46 #1065
19 1 2 37 14 15 #1071
19 1 2 6 37 14 183 #1077
19 1 2 6 37 14 183 #1079
21 19 371 69 70 6 5 15 #1085
16 16 552 18 85 608 70 6 293 98 128 723 6 16 659 722 219 296 46 22 93 94 36 314 183 518 #1088
15 1 2 6 349 247 307 #1090
15 1 2 6 349 15 #1092
25 1 2 6 587 218 15 #1099
11 1 2 216 727 728 #1101
13 2 6 427 15 6 16 690 554 46 22 729 37 417 1 468 6 730 729 554 207 35 19 61 518 105 22 19 371 613 69 614 518 427 15 6 16 690 554 #1103
13 1 2 6 680 257 426 #1104
16 1 2 6 341 305 737 6 19 371 69 70 #1110
13 1 2 655 147 427 #1114
19 37 14 6 307 138 215 139 #1116
19 1 2 6 37 14 183 46 22 10 743 644 518 37 14 183 61 651 307 137 138 61 #1119
19 1 2 37 14 46 22 19 358 644 518 661 137 138 139 #1133
19 1 2 6 755 756 58 37 14 15 #1134
11 1 2 6 358 359 15 6 16 4 #1135
16 66 85 190 191 386 1 294 #1146
19 1 2 6 37 14 183 46 22 24 25 19 26 27 1 23 22 28 29 1 23 22 30 31 19 32 33 22 30 1 34 35 36 37 38 39 40 41 19 30 1 42 43 518 16 153 236 #1158
25 16 4 266 218 #1160
16 147 31 656 190 191 33 #1161
13 1 2 6 554 771 772 46 22 19 371 613 69 614 518 554 771 772 #1166
19 1 2 6 16 4 98 137 138 139 #1172
11 16 4 358 359 #1178
19 1 2 6 37 14 183 #1180
22 1 2 6 4 559 773 61 135 31 230 106 70 #1181
16 68 69 70 4 190 191 150 46 22 354 238 355 15 56 118 119 59 47 16 53 54 117 30 #1187
21 1 2 6 16 106 19 5 61 #1188
21 1 2 6 757 5 15 6 16 4 #1191
19 1 2 6 37 14 15 #1192
21 180 15 6 620 #1196
14 1 2 6 717 783 784 6 785 338 786 787 #1199
33 1 2 6 180 1 294 6 230 69 70 46 22 19 371 613 69 614 518 180 1 294 #1201
19 1 2 6 195 196 58 150 640 207 37 14 15 6 651 307 788 279 789 384 10 #1203
12 1 2 6 210 67 15 61 135 31 230 438 106 70 46 22 66 67 15 518 #1204
21 1 2 6 16 106 66 5 61 #1206
20 1 2 16 49 525 533 46 22 19 20 749 56 358 591 250 591 4 207 790 59 518 533 15 #1209
16 124 69 70 19 20 1 21 22 1 23 792 46 22 19 20 1 21 22 1 23 47 792 #1218
19 16 70 219 113 4 37 14 #1231
26 16 559 301 238 #1303
19 70 219 113 6 4 37 14 #1320
19 37 14 15 #1332
19 1 2 3 213 14 15 61 #1382
22 1 2 6 16 307 559 687 61 #1418
21 251 355 183 61 #1439
17 16 307 138 139 56 437 90 113 6 135 438 59 #1443
11 1 2 358 359 #1502
19 1 2 6 37 14 15 #1548
17 16 4 139 150 #1665
33 1 2 6 590 207 180 #1671
19 16 4 37 14 #1682
19 1 2 56 16 4 37 14 59 #1684
21 1 2 3 906 165 5 31 66 1 294 #1685
19 1 2 6 16 4 37 14 61 #1702
25 216 350 587 #1714
19 1 2 6 16 570 37 14 61 #1715
30 1 2 6 16 137 932 933 238 61 #1775
12 1 2 66 67 #1777
19 90 69 70 4 37 14 #1788
19 1 2 3 213 14 15 61 #1793
19 1 2 6 37 14 15 #1799
21 16 49 19 5 46 22 195 196 5 31 30 5 1 294 47 195 196 5 31 30 5 1 294 #1819
21 16 886 35 5 24 25 19 26 27 1 23 22 28 29 1 23 22 30 31 19 32 33 22 30 1 34 35 36 37 38 39 40 41 19 30 1 42 43 17 30 46 22 24 25 19 26 27 1 23 22 28 29 1 23 22 30 31 19 32 33 22 30 1 34 35 36 37 38 39 40 41 19 30 1 42 43 47 17 30 #1824
21 951 952 611 5 235 #1845
19 1 2 37 14 #1866
19 1 2 3 213 14 15 #1876
19 90 69 70 4 37 14 #1880
20 1 2 6 16 974 58 150 61 #1921
19 1 2 37 14 #1937
19 1 2 6 37 14 15 #2010
20 1 2 16 49 525 533 #2015
9 1 2 6 263 100 100 195 512 1016 6 16 425 264 100 48 61 #2107
21 5 11 570 #2109
21 5 15 #2110
30 1 2 #2115
10 1 2 16 49 95 96 #2117
21 1 2 3 5 15 #2119
21 351 5 15 6 16 443 68 46 22 19 20 749 56 358 591 250 591 4 207 790 59 518 66 1018 #2120
33 637 614 6 180 1024 15 #2129
33 637 614 6 180 1024 15 #2130
33 637 614 6 180 31 1024 15 #2131
19 16 4 138 139 14 #2132
21 66 5 1025 284 5 6 610 417 #2134
21 5 15 6 1027 443 767 46 22 195 196 5 31 30 5 1 294 518 5 15 6 637 614 61 #2136
19 307 634 1 137 138 #2139
21 1 2 518 19 5 15 46 22 19 20 1 21 22 1 23 47 53 54 757 57 56 828 490 1028 440 59 #2141
11 1 2 358 359 15 #2142
21 1 2 16 49 5 #2144
10 1 2 3 16 4 95 96 #2148
19 1 2 6 4 37 14 #2152
25 1 2 16 44 266 #2153
33 1 2 6 180 1 294 6 68 69 70 46 22 19 371 613 69 614 518 438 77 70 #2164
25 1 2 3 350 266 61 #2165
33 284 180 15 6 234 153 497 284 236 6 135 85 68 438 2 614 153 236 61 46 22 31 147 207 35 5 22 1033 22 35 218 41 504 1 203 518 284 180 15 #2166
22 1 2 6 16 4 559 687 5 #2176
12 16 4 210 67 #2179
21 1 2 16 49 5 #2186
33 1 2 6 66 5 31 284 5 1 294 61 135 31 19 371 106 637 70 46 22 24 25 19 5 31 922 656 5 33 22 19 190 150 355 183 22 19 358 150 1 21 23 41 19 150 149 1 21 43 518 #2188
19 1 2 3 213 14 15 61 #2192
13 16 1039 426 #2198
13 1 2 427 363 1040 610 885 208 #2201
19 1 2 3 213 14 15 #2203
19 16 4 37 14 #2204
21 16 886 19 5 #2205
21 1 2 518 35 5 657 284 656 5 1041 1042 440 6 70 886 35 5 #2208
15 1 2 349 1 294 #2209
13 1 2 6 16 106 5 248 1044 257 61 #2215
26 1 2 6 16 690 71 247 35 1046 207 195 196 6 248 44 193 30 #2217
19 1 2 37 14 15 #2218
16 416 15 46 22 190 150 183 518 #2220
21 16 4 19 1048 85 1024 #2221
16 190 191 15 46 22 24 25 19 26 27 1 23 22 28 29 1 23 22 30 31 19 32 33 22 30 1 34 35 36 37 38 39 40 41 19 30 1 42 43 47 17 270 89 #2225
16 637 614 6 349 103 601 150 15 6 19 371 69 70 #2228
13 1 2 6 427 5 15 #2229
21 66 5 1025 284 5 6 610 417 46 22 195 196 5 31 30 5 1 294 518 438 77 70 #2231
21 66 5 397 31 283 284 5 1 294 6 135 85 68 438 2 153 236 61 46 22 24 25 19 5 31 922 656 5 33 22 19 190 150 355 183 22 19 358 150 1 21 23 41 19 150 149 1 21 43 518 #2232
33 66 180 31 284 180 1 294 46 22 19 371 613 69 614 518 180 1 294 #2235
14 1 2 6 783 784 5 15 #2238
33 66 180 31 284 180 1 294 46 22 19 371 613 69 614 518 180 1 294 #2239
33 1 2 6 66 180 15 6 1054 162 6 135 31 68 438 6 608 70 46 22 19 371 613 69 614 518 438 77 70 #2242
21 1 2 6 1024 1 294 6 16 4 #2245
25 1 2 6 266 218 183 #2248
22 1 2 559 687 5 15 #2251
12 1 2 66 67 15 #2253
15 1 2 6 349 310 #2264
22 401 559 687 16 235 654 #2265
19 16 4 37 14 #2267
13 1 2 6 16 426 427 #2271
33 1 2 6 180 1 294 6 135 31 230 106 637 70 46 22 19 371 613 69 614 518 180 1 294 #2273
13 428 427 5 85 780 19 5 61 #2286
13 1 2 6 427 15 46 22 19 371 613 69 614 518 #2295
16 416 15 46 22 190 150 183 518 416 15 #2297
21 19 5 31 63 167 33 46 22 195 196 621 622 518 195 196 5 31 63 405 294 #2300
33 1 2 6 284 180 15 6 490 1061 180 61 135 31 230 438 637 70 61 46 22 19 371 613 69 614 518 438 77 70 #2303
22 1 2 6 559 687 5 15 #2310
26 16 428 193 30 66 265 #2324
15 1 2 349 15 #2331
14 1 2 6 16 307 783 784 46 22 93 94 36 314 183 518 16 307 783 784 #2332
13 1 2 427 15 #2333
14 1 2 6 16 307 783 784 61 #2340
12 1 2 6 284 98 1076 284 1077 6 651 397 308 6 210 67 307 15 6 135 31 68 438 6 608 70 46 22 66 67 15 518 #2343
11 358 359 15 46 22 195 196 621 622 518 358 359 15 #2346
19 16 4 37 14 6 220 338 57 61 #2357
11 1 2 16 49 95 96 22 358 359 554 248 35 #2358
11 1 2 16 49 95 96 39 351 601 6 358 359 655 554 248 35 #2359
21 16 552 18 85 608 70 6 5 183 46 22 19 20 749 56 358 591 250 591 4 207 790 59 518 637 614 61 #2365
21 1 2 6 19 5 15 #2366
12 1 2 518 210 67 15 #2367
12 1 2 518 210 67 183 #2368
27 1 2 3 4 262 #2382
25 1 2 6 1086 684 266 #2386
19 1 2 6 37 14 15 #2398
16 416 15 46 22 24 25 19 26 27 1 23 22 28 29 1 23 22 30 31 19 32 33 22 30 1 34 35 36 37 38 39 40 41 19 30 1 42 43 518 416 15 #2403
33 2 6 283 284 31 66 180 1 294 6 19 371 69 70 46 22 24 25 19 26 27 1 23 22 28 29 1 23 22 30 31 19 32 33 22 30 1 34 35 36 37 38 39 40 41 19 30 1 42 43 518 180 1 294 #2412
33 284 180 31 66 180 1 294 46 22 24 25 19 26 27 1 23 22 28 29 1 23 22 30 31 19 32 33 22 30 1 34 35 36 37 38 39 40 41 19 30 1 42 43 518 180 1 294 #2413
11 1 2 16 49 358 359 #2414
17 637 614 6 1090 195 196 139 247 1016 6 19 371 69 70 #2420
19 90 69 70 4 37 14 #2421
15 1 2 3 349 15 #2422
13 1 2 6 427 363 135 1096 #2426
21 698 296 5 889 465 1097 46 6 135 85 68 438 2 614 153 236 61 46 22 19 371 613 69 614 518 438 77 70 6 889 1098 1099 #2427
11 1 2 554 77 35 #2430
10 1 2 6 95 96 307 183 6 135 31 68 106 637 70 61 46 22 19 371 613 69 614 518 95 96 1099 #2434
21 5 15 6 16 552 18 85 608 70 46 22 19 371 613 69 614 518 637 614 61 #2438
13 680 257 426 6 135 136 68 70 #2447
21 1 2 6 19 5 31 66 5 33 #2455
10 1 2 6 95 96 307 183 61 #2459
21 1 2 5 15 46 22 24 25 19 26 27 1 23 22 28 29 1 23 22 30 31 19 32 33 22 30 1 34 35 36 37 38 39 40 41 19 30 1 42 43 47 66 5 15 #2465
16 1 2 305 #2466
25 1 2 1117 307 266 150 #2468
13 1 2 6 426 15 #2470
21 1 2 3 16 515 19 5 #2471
21 1 2 6 35 5 15 6 135 31 68 438 6 608 70 46 22 19 371 613 69 614 518 438 77 70 #2474
33 1 2 6 66 180 31 284 180 1 294 6 135 31 68 106 637 70 61 46 22 19 371 613 69 614 518 180 1 294 #2475
19 1 2 56 16 4 37 14 98 137 138 215 139 59 #2482
25 1 2 6 16 1120 587 61 #2484
15 1 2 6 349 15 6 135 85 90 113 438 6 2 614 153 236 46 22 190 150 183 518 349 15 #2486
21 1 2 61 1121 1084 1122 578 1123 1124 61 135 85 68 438 2 614 46 22 19 371 613 69 614 518 438 77 70 #2487
21 1 2 6 19 5 15 6 31 66 1 294 6 135 31 68 438 6 608 70 46 22 195 196 5 31 30 5 1 294 518 5 1099 #2488
21 1 2 56 5 15 59 #2489
15 1 2 3 90 69 70 #2490
9 1 2 3 4 113 375 #2492
21 1 2 3 4 5 #2498
27 16 4 30 455 #2504
27 16 4 30 455 #2505
19 1 2 56 16 4 37 14 98 137 138 139 59 #2514
21 1 2 697 1128 46 22 19 20 1 21 22 1 23 47 53 54 #2521
21 651 562 697 5 554 6 72 264 74 697 5 31 1024 1130 19 20 1 21 22 1 23 5 1130 46 22 19 20 1 21 22 1 23 47 5 1130 #2542
25 90 69 70 4 266 218 56 1138 171 1139 59 #2589
19 16 106 24 137 138 139 #2620
16 24 25 19 26 27 1 23 22 28 29 1 23 22 30 31 19 32 33 22 30 1 34 35 36 37 38 39 40 41 19 30 1 42 43 416 1 294 46 22 24 25 19 26 27 1 23 22 28 29 1 23 22 30 31 19 32 33 22 30 1 34 35 36 37 38 39 40 41 19 30 1 42 43 47 416 1 294 #2650
25 16 106 266 636 67 #2657
12 1 2 308 111 1142 1143 #2660
21 1 2 6 63 5 31 63 405 294 46 22 195 196 621 622 47 46 #2661
19 1 2 37 14 #2684
19 1 2 6 37 14 15 #2715
16 19 20 1 21 22 1 23 53 54 35 159 6 4 293 46 22 19 20 1 21 22 1 23 47 53 54 35 159 6 4 293 #2719
21 1 2 516 517 16 515 #2725
19 1 2 6 1161 1 137 138 139 #2741
19 1 2 6 1161 1 137 138 139 #2742
19 1 2 6 37 14 15 #2824
12 1 2 66 67 66 16 377 296 #2833
25 636 1182 16 1183 1184 67 6 90 69 70 #2834
19 16 106 37 14 #2835
25 1 2 6 266 218 15 #2836
20 1 2 16 355 10 58 385 #2854
19 1 2 6 37 14 15 #2875
26 1 2 3 16 140 29 39 71 238 24 25 19 26 27 1 23 22 28 29 1 23 22 30 31 19 32 33 22 30 1 34 35 36 37 38 39 40 41 19 30 1 42 43 80 63 29 46 22 24 25 19 26 27 1 23 22 28 29 1 23 22 30 31 19 32 33 22 30 1 34 35 36 37 38 39 40 41 19 30 1 42 43 47 80 63 29 #2948
19 16 307 662 137 138 139 663 #2951
20 90 69 70 268 58 150 #2978
21 1 2 1024 16 106 #2979
9 1 2 6 16 570 1202 374 #2980
19 90 69 70 4 37 14 #2982
11 1 2 6 358 359 15 #3039
19 1 2 6 37 14 #3040
20 4 546 58 56 1210 847 207 1142 1143 59 #3050
11 1 2 6 358 359 15 #3053
21 16 49 554 771 #3055
19 1 2 6 16 307 1 137 138 139 #3066
11 1 2 6 358 359 15 #3102
11 1 2 6 16 4 358 359 61 #3109
19 1 2 3 213 14 15 #3114
17 16 70 219 113 6 4 138 139 #3121
19 1 2 6 16 4 37 14 #3131
19 1 2 6 37 14 15 6 135 1220 66 112 659 638 #3137
9 1 2 6 16 4 48 #3165
19 1 2 3 4 213 14 1 137 138 139 61 #3176
30 1 2 56 16 81 619 1252 59 #3236
19 16 106 24 137 138 139 24 25 19 26 27 1 23 22 28 29 1 23 22 30 31 19 32 33 22 30 1 34 35 36 37 38 39 40 41 19 30 1 42 43 80 197 152 46 22 24 25 19 26 27 1 23 22 28 29 1 23 22 30 31 19 32 33 22 30 1 34 35 36 37 38 39 40 41 19 30 1 42 43 47 80 197 152 #3242
30 454 453 554 331 294 46 22 195 196 32 749 518 349 386 1 294 #3250
16 1 2 6 190 191 307 183 6 135 31 219 113 106 637 70 61 46 22 190 150 183 518 #3251
9 90 69 70 4 48 #3252
9 1 2 1 2 193 238 247 885 208 90 69 70 #3254
20 1 2 3 58 150 16 235 1180 #3255
21 138 1256 5 15 #3256
21 1 2 1024 15 #3258
26 90 69 70 4 37 14 #3260
15 349 307 15 6 135 85 68 438 2 614 153 236 61 46 22 190 150 183 518 #3262
21 16 552 18 85 608 70 6 195 1257 5 15 6 490 251 5 46 22 195 196 621 622 518 #3263
19 1 2 6 37 14 15 #3264
9 1 2 6 16 1260 263 100 48 #3268
15 1 2 6 1261 66 6 238 349 307 15 6 135 31 68 438 6 608 70 46 22 19 371 613 69 614 518 349 307 183 #3269
21 1 2 6 16 9 697 5 61 #3277
19 1 2 6 37 14 307 183 61 #3282
15 1 2 6 1261 66 6 238 349 307 15 6 135 31 68 438 6 608 70 46 22 19 371 613 69 614 518 438 77 70 #3283
21 1 2 6 16 106 5 39 24 137 138 61 #3290
20 1 2 6 16 974 58 150 61 #3291
19 90 69 70 4 37 14 #3295
16 1 2 6 296 416 15 6 135 31 68 438 6 608 70 46 22 31 147 207 35 5 22 1033 22 35 218 41 504 1 203 518 416 15 #3299
21 90 69 70 4 5 #3302
26 1 2 6 16 559 66 61 #3303
21 1 2 6 66 417 12 1101 6 135 31 68 438 6 608 70 46 22 19 371 613 69 614 518 66 12 1101 #3304
21 90 69 70 4 5 #3305
16 1 2 6 293 15 #3307
25 1 2 6 1271 519 266 #3311
20 1 2 6 16 1272 1273 #3312
12 90 69 70 4 66 67 171 458 1277 #3317
25 16 4 266 218 #3318
21 1 2 349 39 5 16 49 #3331
16 1 2 6 416 15 6 512 230 106 637 70 153 236 61 46 22 19 371 613 69 614 518 293 15 #3333
22 16 552 559 687 235 19 #3339
22 1 2 6 90 69 70 61 46 22 24 25 66 32 1 23 22 748 22 749 36 188 1 750 22 67 15 41 66 1 751 43 518 659 1282 151 56 735 675 59 #3342
30 1 2 664 1283 #3343
19 37 14 15 #3344
30 1 2 6 19 67 307 183 6 490 818 66 417 61 135 31 230 106 637 70 61 46 22 24 25 247 562 469 608 42 450 6 646 647 296 648 1 294 649 650 33 207 125 518 19 67 1099 #3347
21 16 552 18 85 608 70 6 5 15 3 16 153 236 46 22 195 196 5 31 30 5 1 294 518 5 15 #3353
21 637 614 #3367
25 16 44 266 150 #3368
21 1 2 1024 1288 #3375
19 16 106 24 137 138 139 46 22 24 25 19 26 27 1 23 22 28 29 1 23 22 30 31 19 32 33 22 30 1 34 35 36 37 38 39 40 41 19 30 1 42 43 518 58 150 510 15 #3380
16 1 2 6 416 15 6 135 31 230 438 106 637 70 61 46 22 19 371 613 69 614 518 416 1099 #3381
21 1 2 6 16 515 1024 #3382
21 1 2 1024 15 #3395
21 1 2 6 66 417 1291 6 16 153 454 6 135 31 68 438 6 608 70 46 22 19 371 613 69 614 518 438 1081 152 #3396
19 1 2 518 4 37 14 #3397
21 1 2 518 588 66 417 12 1101 6 610 417 #3398
19 1 2 6 16 4 37 14 #3400
21 1 2 6 5 15 #3404
21 1 2 6 5 15 #3406
12 90 69 70 4 66 67 46 22 24 25 19 26 27 1 23 22 28 29 1 23 22 30 31 19 32 33 22 30 1 34 35 36 37 38 39 40 41 19 30 1 42 43 518 210 67 737 #3407
21 66 5 397 1 301 6 135 85 68 438 2 153 454 236 1292 608 46 22 19 371 613 69 614 518 438 77 70 #3408
19 16 307 137 138 139 #3416
21 284 1300 1301 1302 3 567 565 35 5 1300 1303 1302 3 66 135 35 5 1300 1304 1302 3 349 207 1305 35 1306 1300 1303 1302 1025 1305 66 417 5 1300 1307 1302 6 1090 19 684 536 1234 46 22 195 196 5 31 30 5 1 294 518 5 1099 #3419
21 37 5 15 46 22 195 196 5 31 30 5 1 294 518 5 15 #3426
21 1024 15 6 1075 438 637 614 46 22 19 371 613 69 614 518 1024 15 #3428
30 1 2 664 1283 #3431
25 1 2 266 15 24 25 19 26 27 1 23 22 28 29 1 23 22 30 31 19 32 33 22 30 1 34 35 36 37 38 39 40 41 19 30 1 42 43 17 46 22 24 25 19 26 27 1 23 22 28 29 1 23 22 30 31 19 32 33 22 30 1 34 35 36 37 38 39 40 41 19 30 1 42 43 47 17 #3434
25 16 106 266 150 #3435
19 1 2 6 37 14 15 #3436
19 1 2 3 4 213 14 1311 137 138 789 215 139 1311 #3438
21 1 2 6 66 417 25 1314 12 6 135 31 68 438 6 80 162 6 608 70 46 22 195 196 621 622 518 66 417 25 1314 12 #3451
16 1 2 6 454 453 190 331 294 6 135 31 68 106 #3454
16 416 15 46 22 190 150 183 518 416 15 #3457
30 1 2 6 63 365 1315 183 46 22 66 32 22 5 247 42 355 36 1266 518 1 2 6 63 365 1315 183 #3460
13 1 2 6 427 150 15 #3469
21 16 49 554 5 46 22 195 196 621 622 518 #3470
16 401 63 152 6 234 1318 236 6 135 85 68 438 2 153 236 61 46 22 195 196 621 622 518 16 1318 19 #3471
21 1 2 518 370 5 98 284 5 207 105 789 73 6 610 417 61 80 162 77 6 764 236 608 #3473
16 1 2 90 69 70 6 293 15 #3475
16 1 2 6 68 69 70 #3476
17 1 2 56 139 265 15 59 #3479
13 1 2 6 16 1294 426 #3491
12 1 2 6 210 67 307 183 61 #3545
21 16 49 5 #3628
19 1 2 1 137 138 #3662
19 16 106 37 14 #3680
19 1 2 6 37 14 15 #3708
19 1 2 1 137 138 139 #3715
10 1 2 6 4 95 96 61 #3752
10 1 2 6 4 95 96 61 #3753
10 1 2 6 4 95 96 61 #3754
13 680 257 426 24 25 19 26 27 1 23 22 28 29 1 23 22 30 31 19 32 33 22 30 1 34 35 36 37 38 39 40 41 19 30 1 42 43 16 44 178 18 46 22 24 25 19 26 27 1 23 22 28 29 1 23 22 30 31 19 32 33 22 30 1 34 35 36 37 38 39 40 41 19 30 1 42 43 47 16 44 178 18 #3755
19 1 2 3 213 14 661 137 1320 61 #3764
21 16 49 5 #3816
20 1308 85 1369 16 235 #3831
21 1 2 3 1370 16 562 1371 517 5 654 #3867
19 16 4 37 14 #3876
19 1 2 3 661 137 138 139 #3886
19 1 2 3 213 14 15 #3928
22 1 2 16 515 559 687 5 #3939
22 1 2 6 559 773 655 1379 #3950
16 1 2 6 305 386 183 61 #3958
19 16 106 37 14 #3994
13 1 2 6 16 4 427 5 98 697 5 #4018
19 1 2 6 37 14 15 #4065
20 1 2 6 223 1410 1411 85 1369 235 195 #4119
9 16 4 19 265 #4188
21 16 552 608 70 6 19 5 15 #4200
17 1 2 6 135 31 230 136 6 139 15 #4209
19 1 2 3 213 14 15 61 #4254
9 1 2 6 48 1 257 6 16 4 #4273
21 1 2 6 147 5 1 62 46 22 24 25 19 26 27 1 23 22 28 29 1 23 22 30 31 19 32 33 22 30 1 34 35 36 37 38 39 40 41 19 30 1 42 43 47 17 89 #4277
19 1 2 6 16 307 137 138 139 #4278
30 619 1252 1444 6 16 4 #4280
30 16 552 18 85 608 70 6 19 441 15 46 22 93 94 36 314 183 518 637 70 #4281
21 16 552 18 85 608 70 6 5 183 46 22 195 196 621 622 518 #4282
21 16 552 608 85 18 70 6 5 15 46 22 195 196 621 622 518 #4283
21 1 2 6 19 5 15 #4292
9 1 2 48 15 #4300
15 1 2 6 31 1456 438 610 1457 1458 767 6 31 68 438 77 1459 926 279 1460 349 1461 207 1146 361 519 727 226 160 916 289 6 970 1462 1463 100 612 11 1464 195 196 6 16 230 31 349 1465 767 #4305
19 1 2 6 4 98 137 138 139 #4306
14 16 552 18 85 608 70 6 16 623 783 784 238 236 1017 46 22 93 94 36 314 183 518 #4311
30 1 2 6 1423 139 772 6 19 371 69 70 #4314
10 1 2 6 16 4 95 96 #4320
13 1 2 3 427 15 #4321
9 1 2 6 16 4 48 #4323
9 1 2 6 16 4 48 #4324
9 1 2 6 16 4 48 #4325
21 1 2 6 215 768 769 1124 554 5 #4326
19 1 2 6 37 14 1474 137 138 789 215 139 #4333
11 358 359 307 15 6 234 70 46 22 195 196 621 622 518 358 359 307 15 #4335
25 16 4 266 636 1182 #4340
19 1 2 3 213 14 15 #4341
13 1 2 3 427 15 #4342
13 1 2 6 16 307 427 19 61 #4343
21 1 2 6 735 1477 557 46 22 24 25 19 26 27 1 23 22 28 29 1 23 22 30 31 19 32 33 22 30 1 34 35 36 37 38 39 40 41 19 30 1 42 43 518 735 1477 557 #4344
25 1 2 6 1226 752 401 266 1481 85 157 570 6 684 659 753 754 238 #4346
33 1 2 6 180 183 61 #4347
21 16 49 19 5 22 95 140 77 691 236 46 22 24 25 19 26 27 1 23 22 28 29 1 23 22 30 31 19 32 33 22 30 1 34 35 36 37 38 39 40 41 19 30 1 42 43 518 105 22 24 25 19 5 31 922 656 5 33 22 19 190 150 355 183 22 19 358 150 1 21 23 41 19 150 149 1 21 43 518 16 49 19 5 22 95 140 77 691 236 #4350
21 1 2 16 49 1024 #4352
21 16 552 18 85 608 70 6 19 5 15 46 22 195 196 5 31 30 5 1 294 518 1017 5 15 #4354
12 1 2 6 66 67 307 183 61 46 22 19 371 613 69 614 518 #4355
25 16 44 266 150 #4357
19 16 923 37 14 #4359
17 16 307 138 139 56 437 90 113 6 135 438 59 #4362
21 1 2 56 5 31 66 1 294 59 #4364
13 1 2 6 426 427 15 6 16 153 427 #4365
16 16 106 190 191 #4367
21 1 2 6 5 183 #4370
21 1 2 6 236 19 5 15 6 135 85 68 438 6 2 614 153 236 61 46 22 195 196 5 31 30 5 1 294 518 438 77 70 #4380
25 16 4 266 636 1182 #4381
20 16 4 525 533 #4383
21 19 251 15 #4389
25 1 2 6 431 1 1491 508 6 108 1492 587 #4391
25 1 2 6 16 44 266 150 #4395
22 1 2 6 559 687 15 #4396
21 1 2 6 66 697 5 31 554 5 1 294 6 135 31 68 438 6 608 70 46 22 19 371 613 69 614 518 66 31 19 284 5 11 935 6 1475 4 61 #4399
10 1 2 3 95 96 15 61 46 22 351 150 106 167 5 31 19 5 1 294 518 351 96 1 1472 98 1 401 674 #4400
19 1 2 6 37 14 15 #4403
22 1 2 6 559 687 183 #4406
20 16 1493 58 150 #4414
21 1 2 6 19 5 15 46 22 195 196 5 31 30 5 1 294 518 30 5 31 19 5 1 294 #4419
25 1 2 6 1219 128 757 519 562 1495 85 1496 1123 587 #4423
11 1 2 6 358 359 519 1039 426 #4438
21 1 2 428 5 #4439
30 1 2 6 1283 15 #4450
30 1 2 6 1500 15 #4459
11 35 104 31 358 359 1 294 46 22 93 94 36 314 183 518 #4461
10 1 2 95 96 15 #4464
15 16 4 349 #4473
16 103 601 15 46 22 190 150 183 518 #4475
19 1 2 6 37 14 15 #4477
19 1 2 37 14 #4479
21 1 2 16 49 1024 #4480
19 1 2 6 37 14 15 46 22 24 25 139 808 39 19 608 307 183 207 43 518 350 137 138 #4484
21 1 2 6 5 15 6 490 1510 503 135 31 19 371 106 637 70 46 22 19 371 613 69 614 518 19 5 15 6 1475 4 61 #4487
21 270 5 436 #4491
21 5 15 #4497
11 1 2 6 359 307 15 #4501
19 1 2 6 37 14 15 #4502
21 1 2 6 1142 1143 183 6 1352 106 1142 6 425 1142 1321 1050 #4507
11 358 359 15 6 16 307 554 77 35 #4508
21 1 2 6 19 5 31 30 1 294 6 248 149 645 1391 363 #4509
21 1 2 6 16 1318 5 1515 964 195 196 236 46 22 19 20 1 21 22 1 23 47 19 20 1 21 22 1 23 #4510
21 1 2 6 5 15 #4525
12 238 67 307 15 6 135 1517 68 438 223 70 46 22 19 371 613 69 614 518 238 67 15 6 1475 161 1518 61 #4532
21 1 2 6 436 654 6 16 515 5 #4535
21 1 2 6 19 371 1519 5 15 #4537
14 1 2 6 16 783 784 #4540
15 736 1520 1521 #4545
15 16 307 1520 1521 #4546
19 37 14 15 #4550
25 1 2 6 587 218 15 #4553
15 1 2 6 72 105 539 238 349 15 #4554
21 1 2 56 5 85 139 808 60 6 16 443 68 4 61 #4565
9 1530 1531 1532 1533 105 100 48 1534 6 73 100 63 46 22 19 371 613 69 614 518 247 945 #4568
19 1 2 6 37 14 15 6 16 4 #4573
30 16 552 18 85 608 70 6 19 441 737 634 46 22 195 196 621 622 518 #4576
21 1 2 6 5 183 #4588
9 48 183 6 16 4 #4602
19 1 2 3 16 4 1538 655 662 137 138 139 663 #4604
10 1 2 6 16 4 351 96 98 1508 862 1542 61 #4639
21 16 49 5 #4673
25 1 2 6 1 485 266 #4696
19 1 2 6 137 138 139 #4729
19 1 2 6 37 14 15 #4736
19 1 2 6 71 138 238 207 37 14 15 #4761
13 1 2 427 #4773
9 1 2 6 48 609 6 16 153 236 #4777
19 1 2 6 37 14 307 183 61 #4793
17 1 2 6 138 139 183 #4798
19 1 2 6 37 14 15 24 25 19 26 27 1 23 22 28 29 1 23 22 30 31 19 32 33 22 30 1 34 35 36 37 38 39 40 41 19 30 1 42 43 147 640 1107 485 225 1212 299 300 46 22 24 25 19 26 27 1 23 22 28 29 1 23 22 30 31 19 32 33 22 30 1 34 35 36 37 38 39 40 41 19 30 1 42 43 47 147 640 1107 485 225 1212 299 300 #4825
30 1 2 6 659 1567 #4864
10 1 2 6 4 351 96 61 #4870
19 1 2 6 37 14 183 #4887
21 1 2 6 19 5 15 #4938
19 1 2 37 14 15 #4944
12 1 2 6 210 67 183 #4974
20 1 2 6 525 533 15 #4983
21 16 49 5 #5010
19 1 2 6 37 14 15 #5017
21 16 49 5 #5019
15 1 2 3 16 4 349 #5060
19 1 2 6 37 14 15 #5094
19 1 2 6 37 14 15 #5098
21 1 2 6 333 464 15 #5103
21 1 2 61 284 5 686 66 5 61 #5126
15 1 2 6 338 1593 #5135
19 1 2 6 37 14 15 #5144
19 37 14 15 #5215
19 16 307 1 137 138 139 56 437 90 113 6 135 438 59 #5228
9 4 48 #5261
9 4 48 #5262
21 916 1607 1608 1226 872 6 916 1609 1610 872 19 5 31 30 1 294 6 31 230 106 77 70 46 22 19 20 1 21 22 1 23 47 53 54 30 72 73 74 #5265
9 1 2 6 4 48 #5273
9 296 1611 6 105 100 48 247 507 234 70 #5274
9 296 1611 6 105 100 48 247 507 234 70 #5275
21 1 2 6 16 515 251 46 22 19 358 644 518 105 22 10 743 644 518 46 22 19 358 644 518 105 22 10 743 644 518 #5282
19 1 2 6 37 14 15 #5285
9 1 2 6 19 265 307 183 #5287
19 1 2 6 37 14 15 #5288
19 1 2 3 213 14 15 61 #5291
9 1 2 6 1614 265 183 #5298
9 1 2 48 15 #5301
30 178 61 635 608 777 6 1617 1618 227 655 662 1619 6 1 1620 663 61 46 22 195 196 621 622 518 #5303
19 1 2 6 37 14 15 6 16 307 138 139 #5310
19 16 4 37 14 #5312
22 1 2 6 4 559 773 #5313
21 1 2 6 5 15 #5315
21 1 2 6 16 515 251 #5316
12 1 2 6 210 67 307 183 6 135 31 230 106 637 70 61 46 22 19 371 613 69 614 518 66 67 307 183 6 1475 4 61 #5320
21 1 2 6 757 5 15 6 135 31 68 438 6 608 70 46 22 19 5 31 698 296 284 5 1 294 518 5 15 #5321
21 1 2 6 757 5 15 6 135 31 68 438 6 608 70 46 22 19 371 613 69 614 518 757 207 349 386 15 6 1475 4 61 #5322
19 1 2 6 137 138 139 #5325
25 1 2 266 375 15 24 25 19 26 27 1 23 22 28 29 1 23 22 30 31 19 32 33 22 30 1 34 35 36 37 38 39 40 41 19 30 1 42 43 178 46 22 24 25 19 26 27 1 23 22 28 29 1 23 22 30 31 19 32 33 22 30 1 34 35 36 37 38 39 40 41 19 30 1 42 43 47 178 #5328
16 1 2 518 341 305 150 183 #5330
33 1 2 518 284 180 183 6 234 153 1625 284 #5332
33 1 2 6 180 183 #5333
12 1 2 66 67 15 #5339
21 1 2 6 515 5 #5343
13 111 888 554 46 22 729 37 417 1 468 6 730 729 554 207 35 19 61 518 16 767 #5346
21 1 2 16 49 5 #5348
22 2 559 5 16 49 6 135 438 620 46 22 19 371 613 69 614 518 559 687 1099 #5351
21 236 5 31 71 5 1 294 6 135 85 68 438 2 637 614 153 236 61 46 22 19 371 613 69 614 518 19 5 15 6 1475 4 61 #5352
21 1 2 6 66 5 1413 19 5 #5356
12 1 2 6 210 67 307 15 6 135 31 68 438 6 608 70 46 22 19 371 613 69 614 518 210 67 15 61 1475 4 61 #5357
21 1 2 251 355 15 6 637 614 6 135 438 46 22 19 371 613 69 614 518 251 355 15 #5359
21 1 2 6 5 15 #5360
12 1 2 6 210 67 15 #5362
16 1 2 6 190 191 307 183 61 #5366
16 1 2 289 386 293 310 6 234 153 236 #5370
10 1 2 518 95 96 183 61 #5377
21 5 15 6 620 61 46 22 195 196 5 31 30 5 1 294 518 1017 5 15 6 620 #5379
16 1 2 190 191 #5385
25 1 2 266 150 15 #5387
16 620 6 305 15 46 22 19 371 613 69 614 518 305 15 #5389
18 1 2 6 138 430 31 578 33 #5396
16 1 2 6 651 659 1034 171 1508 1618 #5401
21 1 2 6 5 15 46 22 24 25 19 26 27 1 23 22 28 29 1 23 22 30 31 19 32 33 22 30 1 34 35 36 37 38 39 40 41 19 30 1 42 43 518 28 29 1 23 #5416
21 1 2 886 5 #5417
21 1 2 6 19 5 31 66 1 294 #5419
20 1 2 6 16 974 58 150 61 #5422
16 1 2 3 625 659 107 1635 444 413 6 1631 369 #5423
16 1 2 6 190 191 15 46 22 24 25 107 681 21 23 682 69 207 125 518 111 1636 361 1637 552 1482 1638 1639 601 6 234 1640 349 150 #5427
21 16 552 18 85 608 70 6 19 5 15 46 22 195 196 5 31 30 5 1 294 518 620 #5428
15 1 2 6 147 31 349 1 294 #5433
16 1 2 135 31 68 438 6 190 191 15 61 46 22 24 25 107 681 21 23 682 69 207 125 518 1641 1640 349 77 236 35 6 112 1638 735 601 #5434
16 1 2 135 31 68 438 6 190 191 15 61 46 22 24 25 107 681 21 23 682 69 207 125 518 1641 1640 349 77 236 35 6 112 1638 735 601 #5435
15 1 2 6 147 349 1 294 #5437
15 1 2 6 349 31 147 1 294 #5440
15 1 2 6 349 31 147 1 294 #5441
15 1 2 6 349 31 147 1 294 #5442
15 1 2 6 349 31 147 1 294 #5444
15 1 2 6 147 349 31 296 1 294 19 20 1 21 22 1 23 17 89 46 22 19 20 1 21 22 1 23 47 17 89 #5446
25 1 2 610 266 #5447
21 1 2 1643 15 #5452
16 16 236 1034 238 #5455
21 1 2 6 66 5 1025 284 5 61 #5461
21 66 5 31 35 5 33 6 1075 438 637 614 #5464
25 1 2 6 266 265 183 24 25 19 26 27 1 23 22 28 29 1 23 22 30 31 19 32 33 22 30 1 34 35 36 37 38 39 40 41 19 30 1 42 43 17 147 46 22 24 25 19 26 27 1 23 22 28 29 1 23 22 30 31 19 32 33 22 30 1 34 35 36 37 38 39 40 41 19 30 1 42 43 47 17 147 #5466
21 1 2 6 238 5 31 35 5 1 294 6 135 85 68 438 2 614 153 236 61 46 22 195 196 5 31 30 5 1 294 518 35 5 15 #5467
21 1 2 6 16 4 251 5 #5468
25 1 2 266 375 15 #5475
33 1 2 6 180 1647 61 #5476
22 1 2 6 559 147 183 #5479
25 1 2 6 266 218 15 #5488
25 1 2 6 266 218 15 #5489
21 1 2 6 66 1024 31 19 1024 1 294 6 234 1124 138 #5491
21 1 2 6 5 15 6 135 31 230 106 637 70 6 153 236 61 46 22 19 5 31 698 296 284 5 1 294 518 35 5 15 #5499
25 1 2 266 375 15 6 177 299 #5506
25 1 2 16 49 266 218 #5509
19 1 2 680 257 426 248 1 137 138 139 #5511
16 1 2 6 341 305 386 31 35 159 1 294 #5515
13 1 2 6 1507 257 6 153 236 #5516
16 1 2 518 238 416 183 6 70 153 236 46 22 19 20 1 21 22 1 23 47 53 54 35 159 56 416 15 59 #5520
21 1 2 19 5 #5521
16 1 2 6 190 191 386 15 6 31 230 106 77 70 153 236 #5522
21 1 2 6 16 515 1629 46 22 19 371 613 69 614 518 234 515 1629 #5525
19 1 2 6 37 14 15 #5535
15 16 307 338 46 22 195 196 621 622 518 16 767 #5536
15 16 307 338 46 22 195 196 621 622 518 16 767 #5537
15 1 2 6 16 1640 338 #5540
19 1 2 1 137 138 139 #5549
21 1 2 6 16 515 1024 #5558
21 1 2 6 16 515 251 #5559
31 70 90 219 113 4 1657 #5568
19 1 2 6 37 14 #5624
21 1 2 3 886 19 5 31 886 35 5 1 294 610 124 #5665
16 24 25 19 26 27 1 23 22 28 29 1 23 22 30 31 19 32 33 22 30 1 34 35 36 37 38 39 40 41 19 30 1 42 43 416 183 46 22 24 25 19 26 27 1 23 22 28 29 1 23 22 30 31 19 32 33 22 30 1 34 35 36 37 38 39 40 41 19 30 1 42 43 47 416 183 #5712
21 16 49 19 5 #5737
12 210 67 307 15 #5858
19 1 2 3 4 213 14 1311 137 138 1311 #5920
10 103 307 15 #5936
31 70 219 113 6 4 1657 #5940
16 19 20 1 21 22 1 23 16 17 349 207 103 601 41 150 46 22 19 20 1 21 22 1 23 47 16 17 349 207 103 601 41 150 #5983
19 1 2 3 213 14 15 #5990
19 1 2 6 37 14 98 1 137 138 139 #6052
12 16 4 210 67 #6061
31 16 70 90 219 113 6 4 1657 #6075
25 1 2 6 266 150 15 24 25 19 26 27 1 23 22 28 29 1 23 22 30 31 19 32 33 22 30 1 34 35 36 37 38 39 40 41 19 30 1 42 43 16 81 92 242 46 22 24 25 19 26 27 1 23 22 28 29 1 23 22 30 31 19 32 33 22 30 1 34 35 36 37 38 39 40 41 19 30 1 42 43 47 16 81 92 242 #6123
21 1 2 6 31 147 5 33 46 22 19 20 1 21 22 1 23 47 17 #6146
17 24 25 19 26 27 1 23 22 28 29 1 23 22 30 31 19 32 33 22 30 1 34 35 36 37 38 39 40 41 19 30 1 42 43 139 1488 1698 46 22 24 25 19 26 27 1 23 22 28 29 1 23 22 30 31 19 32 33 22 30 1 34 35 36 37 38 39 40 41 19 30 1 42 43 47 139 1488 1698 #6147
19 1136 14 15 6 16 4 #6165
19 37 14 15 6 16 4 #6175
17 1 2 138 139 #6181
20 1 2 6 1369 31 1381 1382 1700 1701 58 150 #6236
19 37 14 15 #6237
25 1 2 6 266 150 247 1702 6 16 153 236 #6245
17 1 2 138 139 #6263
11 1 2 6 358 359 519 1039 1019 150 6 70 4 #6268
12 16 4 210 67 #6276
19 1 2 37 14 #6347
12 4 210 67 #6358
30 1 2 6 619 385 1715 1 1716 #6371
9 1 2 6 48 15 #6375
30 619 1252 247 1720 6 610 885 208 6 16 70 90 219 113 #6394
22 1 2 6 16 1721 559 1722 #6395
9 48 1 257 #6401
9 1 2 6 48 15 6 16 623 272 296 153 236 46 22 93 94 36 314 183 518 16 623 272 296 236 #6402
9 1 2 6 1724 105 100 48 #6403
9 1 2 6 1724 105 100 48 #6404
21 16 562 697 5 1128 6 31 91 106 77 70 #6406
9 1 2 6 48 15 #6407
9 1 2 6 48 15 #6408
9 1 2 6 48 15 #6409
9 1 2 6 48 15 #6410
9 1 2 6 48 1724 105 100 #6413
16 416 15 46 22 24 25 19 5 31 922 656 5 33 22 19 190 150 355 183 22 19 358 150 1 21 23 41 19 150 149 1 21 43 518 16 767 #6417
9 1 2 6 48 15 46 22 139 265 307 183 518 48 16 655 46 100 #6420
9 1 2 6 48 15 46 22 139 265 307 183 518 48 16 655 46 100 #6425
21 1 2 6 5 15 #6427
15 349 307 15 6 16 4 #6435
15 1 2 6 349 15 46 22 729 37 417 1 468 6 730 729 554 207 35 19 61 518 349 307 183 #6436
12 210 67 307 15 #6437
26 1 2 193 238 70 #6439
30 1 2 1283 15 #6441
21 70 90 219 113 6 608 5 1725 1726 440 #6443
30 16 4 #6447
16 1 625 437 735 601 46 22 24 25 107 681 21 23 682 69 207 125 518 16 767 #6448
15 1 2 6 349 307 15 6 135 31 68 438 6 608 70 46 22 19 371 613 69 614 518 349 307 15 61 #6455
13 427 5 15 #6456
25 1 2 6 266 150 1728 #6459
10 1 2 518 95 96 183 6 739 662 1732 351 663 #6461
12 210 67 307 15 #6465
21 608 5 15 6 16 70 4 #6467
12 1 2 6 210 67 183 6 739 370 #6474
16 1 2 6 351 96 307 15 6 111 305 150 6 135 31 68 438 6 608 70 46 22 19 371 613 69 614 518 35 96 15 6 1475 4 61 #6475
15 1 2 6 349 15 6 608 70 68 #6477
16 1 2 6 305 293 307 15 6 135 31 68 438 6 608 4 46 22 19 371 613 69 614 518 601 150 15 6 1475 4 61 #6483
16 1 2 190 331 294 16 49 #6485
12 16 4 210 67 #6488
21 1024 15 #6489
21 1 2 518 19 5 15 61 635 1024 247 554 6 610 351 #6496
21 1 2 6 66 5 355 183 #6498
21 1 2 518 19 5 15 #6499
16 1 2 6 16 106 190 191 #6513
21 1 2 6 19 5 15 #6515
16 1 2 190 191 386 11 1403 #6517
25 1 2 6 16 659 1746 6 234 266 #6520
25 1 2 6 266 150 15 #6523
12 210 67 15 #6526
15 349 15 46 22 19 371 613 69 614 518 349 15 #6527
16 1 2 16 49 190 191 386 #6529
17 1 2 16 49 138 139 #6531
12 66 67 31 284 33 6 1075 438 637 614 46 22 66 67 15 518 105 22 19 371 613 69 614 518 #6536
17 1 2 6 68 139 429 430 307 183 #6538
16 1 2 6 416 15 46 22 24 25 19 5 31 922 656 5 33 22 19 190 150 355 183 22 19 358 150 1 21 23 41 19 150 149 1 21 43 518 16 767 #6548
24 1 2 6 401 157 570 6 16 623 1324 238 236 #6551
19 1 2 16 1 137 138 139 #6553
10 1 2 16 49 95 96 #6554
21 5 15 46 22 24 25 19 5 31 922 656 5 33 22 19 190 150 355 183 22 19 358 150 1 21 23 41 19 150 149 1 21 43 518 66 5 135 656 5 33 #6557
15 349 15 24 25 19 26 27 1 23 22 28 29 1 23 22 30 31 19 32 33 22 30 1 34 35 36 37 38 39 40 41 19 30 1 42 43 53 54 348 #6562
12 66 67 15 #6566
13 1 2 6 426 427 15 #6568
21 1 2 16 49 5 #6576
15 1 2 3 610 885 208 186 3 16 4 1752 338 186 #6584
21 1024 15 6 90 91 69 70 #6585
12 1 2 66 67 15 #6586
21 5 15 #6589
13 1753 1754 426 771 772 6 234 70 46 22 729 37 417 1 468 6 730 729 554 207 35 19 61 518 16 767 #6590
16 1 2 6 341 305 150 183 6 135 31 230 106 637 70 61 46 22 19 371 613 69 614 518 349 190 601 150 15 6 1475 4 61 #6593
21 19 5 15 6 19 371 69 70 #6594
16 1 2 6 296 293 135 684 351 6 135 31 230 106 637 70 61 632 349 150 1755 77 6 153 236 19 46 22 19 371 613 69 614 518 35 293 15 6 1475 4 61 #6599
16 1 2 518 238 416 15 6 16 4 106 46 22 19 20 1 21 22 1 23 47 53 54 35 159 56 416 15 59 #6602
12 1 2 6 19 67 651 307 662 35 663 61 1757 135 554 61 135 31 230 106 637 70 153 236 61 46 22 19 371 613 69 614 518 351 96 15 6 1475 4 61 #6605
12 4 210 67 #6606
21 5 31 30 1 294 6 135 438 608 70 153 236 46 22 19 371 613 69 614 518 #6608
16 416 15 #6609
21 180 15 #6610
13 1 2 6 16 1039 426 #6615
30 1 2 3 24 735 557 15 #6616
12 16 4 210 67 #6617
19 1 2 6 213 14 15 #6620
12 16 4 210 67 #6623
33 1 2 6 180 307 183 61 #6624
21 1 2 16 49 19 5 #6632
16 2 6 305 150 737 6 135 31 19 371 106 70 46 22 19 371 613 69 614 518 160 190 293 183 6 1475 4 61 #6634
19 1 2 6 37 14 15 #6639
21 16 552 18 85 608 70 6 19 5 15 56 135 588 1537 59 46 22 195 196 621 622 518 #6644
21 1 2 6 19 5 15 #6652
21 1 2 6 5 15 #6653
21 1 2 518 1767 284 1768 63 152 236 1038 66 417 407 66 261 105 1769 5 454 #6655
13 1 2 427 #6662
15 1 2 6 349 15 46 22 24 25 19 5 31 922 656 5 33 22 19 190 150 355 183 22 19 358 150 1 21 23 41 19 150 149 1 21 43 518 16 767 #6673
15 1 2 6 349 307 183 #6674
16 1 2 6 416 307 183 6 135 31 230 136 106 4 61 #6684
17 90 139 772 6 31 68 438 2 637 614 61 46 22 19 371 613 69 614 518 #6696
20 1 2 6 1037 1369 6 485 1515 1701 46 22 93 94 36 314 183 518 1515 93 94 1776 1553 1180 #6697
21 16 562 697 5 1128 #6702
21 1 2 3 5 15 #6703
15 1 2 6 16 727 1313 349 46 22 24 25 19 26 27 1 23 22 28 29 1 23 22 30 31 19 32 33 22 30 1 34 35 36 37 38 39 40 41 19 30 1 42 43 47 17 #6714
21 16 106 5 #6716
21 1 2 6 16 4 554 5 248 1561 721 30 640 207 274 414 #6720
21 1 2 3 5 15 #6732
21 1 2 6 5 15 #6733
21 1 2 3 4 5 #6735
21 16 70 4 5 #6736
19 1 2 16 137 138 139 #6741
21 1 2 6 697 5 183 #6746
21 1 2 697 5 #6750
21 1 2 3 570 5 #6766
21 1 2 6 562 301 5 19 #6768
13 1 2 6 427 150 15 #6773
12 1 2 16 49 66 67 #6776
22 1 2 6 559 687 428 371 150 15 #6787
21 16 552 18 85 608 70 6 19 5 15 46 22 195 196 621 622 518 #6788
19 37 14 15 6 16 4 98 137 138 139 #6789
30 16 355 1788 1252 385 85 386 #6793
13 1 2 6 16 1039 426 #6807
21 1 2 6 16 515 251 #6808
19 1 2 6 37 14 #6822
21 5 15 6 68 69 70 #6829
25 1 2 6 266 218 1791 171 1792 6 590 281 1793 1794 73 694 100 6 16 1795 46 694 100 #6836
21 1 2 6 5 15 #6847
21 1 2 6 562 66 5 19 #6848
19 4 37 14 #6850
21 1 2 6 697 554 #6851
22 559 67 15 #6853
22 1 2 6 4 559 67 6 135 31 68 438 6 608 70 #6854
11 16 552 18 85 608 70 6 358 359 15 46 22 195 196 621 622 518 358 359 15 #6858
21 1 2 518 5 15 6 4 5 #6863
21 1 2 6 697 5 #6868
30 16 70 90 219 113 6 725 1038 16 665 #6873
19 37 14 15 6 16 4 98 137 138 139 46 22 24 25 19 26 27 1 23 22 28 29 1 23 22 30 31 19 32 33 22 30 1 34 35 36 37 38 39 40 41 19 30 1 42 43 518 614 #6875
21 1 2 697 5 #6876
21 1 2 6 697 5 19 #6878
21 620 61 135 438 6 19 5 15 #6879
20 2 3 443 608 220 58 150 74 683 #6887
21 1 2 6 19 5 15 #6890
30 16 70 90 219 113 6 619 247 1720 #6893
21 1 2 6 180 39 5 15 #6899
11 16 552 18 85 608 70 6 358 359 15 46 22 195 196 621 622 518 637 614 #6910
