99 24 25 19 26 27 1 23 22 28 29 1 23 22 30 31 19 32 33 22 30 1 34 35 36 37 38 39 40 41 19 30 1 42 43 403 46 22 24 25 19 26 27 1 23 22 28 29 1 23 22 30 31 19 32 33 22 30 1 34 35 36 37 38 39 40 41 19 30 1 42 43 47 403 #407
99 24 25 19 26 27 1 23 22 28 29 1 23 22 30 31 19 32 33 22 30 1 34 35 36 37 38 39 40 41 19 30 1 42 43 404 46 22 24 25 19 26 27 1 23 22 28 29 1 23 22 30 31 19 32 33 22 30 1 34 35 36 37 38 39 40 41 19 30 1 42 43 47 404 #408
99 24 25 19 26 27 1 23 22 28 29 1 23 22 30 31 19 32 33 22 30 1 34 35 36 37 38 39 40 41 19 30 1 42 43 18 404 46 22 24 25 19 26 27 1 23 22 28 29 1 23 22 30 31 19 32 33 22 30 1 34 35 36 37 38 39 40 41 19 30 1 42 43 47 18 404 #1566
99 1 2 6 237 154 15 24 25 19 26 27 1 23 22 28 29 1 23 22 30 31 19 32 33 22 30 1 34 35 36 37 38 39 40 41 19 30 1 42 43 404 #1655
99 124 69 70 19 20 1 21 22 1 23 16 153 154 968 #1898
99 19 20 1 21 22 1 23 18 154 1012 637 98 1013 6 153 154 46 22 19 20 1 21 22 1 23 47 18 154 1012 637 98 1013 6 153 154 #2095
99 19 20 1 21 22 1 23 18 72 105 789 73 789 263 74 279 1178 6 16 17 #2817
99 19 20 1 21 22 1 23 44 45 18 #2886
99 19 20 1 21 22 1 23 18 178 154 #3140
99 24 25 19 26 27 1 23 22 28 29 1 23 22 30 31 19 32 33 22 30 1 34 35 36 37 38 39 40 41 19 30 1 42 43 154 43 46 22 24 25 19 26 27 1 23 22 28 29 1 23 22 30 31 19 32 33 22 30 1 34 35 36 37 38 39 40 41 19 30 1 42 43 47 154 43 #3833
99 24 25 19 26 27 1 23 22 28 29 1 23 22 30 31 19 32 33 22 30 1 34 35 36 37 38 39 40 41 19 30 1 42 43 154 43 46 22 24 25 19 26 27 1 23 22 28 29 1 23 22 30 31 19 32 33 22 30 1 34 35 36 37 38 39 40 41 19 30 1 42 43 47 154 43 #3896
99 24 25 19 26 27 1 23 22 28 29 1 23 22 30 31 19 32 33 22 30 1 34 35 36 37 38 39 40 41 19 30 1 42 43 198 #3918
99 24 25 19 26 27 1 23 22 28 29 1 23 22 30 31 19 32 33 22 30 1 34 35 36 37 38 39 40 41 19 30 1 42 43 66 18 878 #3955
99 1308 16 659 466 696 24 25 19 26 27 1 23 22 28 29 1 23 22 30 31 19 32 33 22 30 1 34 35 36 37 38 39 40 41 19 30 1 42 43 16 44 223 1410 1411 66 46 22 24 25 19 26 27 1 23 22 28 29 1 23 22 30 31 19 32 33 22 30 1 34 35 36 37 38 39 40 41 19 30 1 42 43 47 16 44 223 1410 1411 66 #4093
99 19 20 1 21 22 1 23 18 1543 46 22 19 20 1 21 22 1 23 47 18 1543 #4642
99 24 25 19 26 27 1 23 22 28 29 1 23 22 30 31 19 32 33 22 30 1 34 35 36 37 38 39 40 41 19 30 1 42 43 18 154 1012 6 16 153 154 61 46 22 24 25 19 26 27 1 23 22 28 29 1 23 22 30 31 19 32 33 22 30 1 34 35 36 37 38 39 40 41 19 30 1 42 43 47 18 154 1012 6 16 153 154 61 #4658
99 24 25 19 26 27 1 23 22 28 29 1 23 22 30 31 19 32 33 22 30 1 34 35 36 37 38 39 40 41 19 30 1 42 43 18 183 #5885
99 24 25 19 26 27 1 23 22 28 29 1 23 22 30 31 19 32 33 22 30 1 34 35 36 37 38 39 40 41 19 30 1 42 43 81 184 18 46 22 24 25 19 26 27 1 23 22 28 29 1 23 22 30 31 19 32 33 22 30 1 34 35 36 37 38 39 40 41 19 30 1 42 43 47 81 184 18 #5950
99 124 69 70 24 25 19 26 27 1 23 22 28 29 1 23 22 30 31 19 32 33 22 30 1 34 35 36 37 38 39 40 41 19 30 1 42 43 66 154 183 6 53 54 46 22 24 25 19 26 27 1 23 22 28 29 1 23 22 30 31 19 32 33 22 30 1 34 35 36 37 38 39 40 41 19 30 1 42 43 47 66 154 183 6 53 54 #6258
99 16 552 18 85 608 70 6 18 1 42 61 46 22 19 371 613 69 614 518 68 69 70 61 #6754
99 1 2 6 18 15 6 610 53 54 6 135 31 68 438 6 608 70 #6861
