40 1 2 6 66 67 15 19 20 1 21 22 1 23 17 30 6 44 66 46 22 19 20 1 21 22 1 23 47 17 30 6 44 66 #16
34 1 2 6 111 66 112 19 #34
36 24 25 19 26 27 1 23 22 28 29 1 23 22 30 31 19 32 33 22 30 1 34 35 36 37 38 39 40 41 19 30 1 42 43 160 161 162 6 66 53 54 #67
36 24 25 19 26 27 1 23 22 28 29 1 23 22 30 31 19 32 33 22 30 1 34 35 36 37 38 39 40 41 19 30 1 42 43 53 54 66 #76
36 124 69 70 24 25 19 26 27 1 23 22 28 29 1 23 22 30 31 19 32 33 22 30 1 34 35 36 37 38 39 40 41 19 30 1 42 43 66 180 15 46 22 24 25 19 26 27 1 23 22 28 29 1 23 22 30 31 19 32 33 22 30 1 34 35 36 37 38 39 40 41 19 30 1 42 43 47 66 180 15 #87
37 1 2 6 66 175 15 24 25 19 26 27 1 23 22 28 29 1 23 22 30 31 19 32 33 22 30 1 34 35 36 37 38 39 40 41 19 30 1 42 43 66 175 15 46 22 24 25 19 26 27 1 23 22 28 29 1 23 22 30 31 19 32 33 22 30 1 34 35 36 37 38 39 40 41 19 30 1 42 43 47 66 175 15 #103
36 90 69 53 54 18 72 199 74 24 25 19 26 27 1 23 22 28 29 1 23 22 30 31 19 32 33 22 30 1 34 35 36 37 38 39 40 41 19 30 1 42 43 53 54 66 18 46 22 24 25 19 26 27 1 23 22 28 29 1 23 22 30 31 19 32 33 22 30 1 34 35 36 37 38 39 40 41 19 30 1 42 43 47 53 54 66 18 #106
34 19 20 1 21 22 1 23 17 66 46 22 19 20 1 21 22 1 23 47 17 66 #119
34 93 94 15 6 216 24 25 19 26 27 1 23 22 28 29 1 23 22 30 31 19 32 33 22 30 1 34 35 36 37 38 39 40 41 19 30 1 42 43 17 217 57 46 22 24 25 19 26 27 1 23 22 28 29 1 23 22 30 31 19 32 33 22 30 1 34 35 36 37 38 39 40 41 19 30 1 42 43 47 17 217 57 #125
36 24 25 19 26 27 1 23 22 28 29 1 23 22 30 31 19 32 33 22 30 1 34 35 36 37 38 39 40 41 19 30 1 42 43 230 69 53 54 66 18 46 22 24 25 19 26 27 1 23 22 28 29 1 23 22 30 31 19 32 33 22 30 1 34 35 36 37 38 39 40 41 19 30 1 42 43 47 230 69 53 54 66 18 #143
36 237 238 66 239 24 25 19 26 27 1 23 22 28 29 1 23 22 30 31 19 32 33 22 30 1 34 35 36 37 38 39 40 41 19 30 1 42 43 16 53 54 66 #146
34 24 25 19 26 27 1 23 22 28 29 1 23 22 30 31 19 32 33 22 30 1 34 35 36 37 38 39 40 41 19 30 1 42 43 16 17 251 66 46 22 24 25 19 26 27 1 23 22 28 29 1 23 22 30 31 19 32 33 22 30 1 34 35 36 37 38 39 40 41 19 30 1 42 43 47 16 17 251 66 #152
34 19 20 1 21 22 1 23 16 17 260 57 46 22 19 20 1 21 22 1 23 47 16 17 260 57 #161
34 1 2 6 66 5 177 24 25 19 26 27 1 23 22 28 29 1 23 22 30 31 19 32 33 22 30 1 34 35 36 37 38 39 40 41 19 30 1 42 43 17 66 46 22 24 25 19 26 27 1 23 22 28 29 1 23 22 30 31 19 32 33 22 30 1 34 35 36 37 38 39 40 41 19 30 1 42 43 47 17 66 #190
37 1 2 6 124 69 70 24 25 19 26 27 1 23 22 28 29 1 23 22 30 31 19 32 33 22 30 1 34 35 36 37 38 39 40 41 19 30 1 42 43 80 66 175 #212
36 24 25 19 26 27 1 23 22 28 29 1 23 22 30 31 19 32 33 22 30 1 34 35 36 37 38 39 40 41 19 30 1 42 43 66 304 31 305 150 1 294 46 22 24 25 19 26 27 1 23 22 28 29 1 23 22 30 31 19 32 33 22 30 1 34 35 36 37 38 39 40 41 19 30 1 42 43 47 66 304 31 305 150 1 294 #223
36 313 238 17 66 248 44 178 18 24 25 19 26 27 1 23 22 28 29 1 23 22 30 31 19 32 33 22 30 1 34 35 36 37 38 39 40 41 19 30 1 42 43 53 54 66 #239
37 66 247 188 19 20 1 21 22 1 23 66 16 249 66 315 46 22 19 20 1 21 22 1 23 47 66 16 249 66 315 #242
34 66 316 24 25 19 26 27 1 23 22 28 29 1 23 22 30 31 19 32 33 22 30 1 34 35 36 37 38 39 40 41 19 30 1 42 43 17 66 46 22 24 25 19 26 27 1 23 22 28 29 1 23 22 30 31 19 32 33 22 30 1 34 35 36 37 38 39 40 41 19 30 1 42 43 47 17 66 #244
36 1 2 6 66 318 15 24 25 19 26 27 1 23 22 28 29 1 23 22 30 31 19 32 33 22 30 1 34 35 36 37 38 39 40 41 19 30 1 42 43 16 53 54 66 46 22 24 25 19 26 27 1 23 22 28 29 1 23 22 30 31 19 32 33 22 30 1 34 35 36 37 38 39 40 41 19 30 1 42 43 47 16 53 54 66 #247
34 19 20 1 21 22 1 23 80 66 46 22 19 20 1 21 22 1 23 47 80 66 #253
37 24 25 19 26 27 1 23 22 28 29 1 23 22 30 31 19 32 33 22 30 1 34 35 36 37 38 39 40 41 19 30 1 42 43 66 247 188 6 16 17 18 46 22 24 25 19 26 27 1 23 22 28 29 1 23 22 30 31 19 32 33 22 30 1 34 35 36 37 38 39 40 41 19 30 1 42 43 47 66 247 188 6 16 17 18 #254
37 24 25 19 26 27 1 23 22 28 29 1 23 22 30 31 19 32 33 22 30 1 34 35 36 37 38 39 40 41 19 30 1 42 43 66 247 188 46 22 24 25 19 26 27 1 23 22 28 29 1 23 22 30 31 19 32 33 22 30 1 34 35 36 37 38 39 40 41 19 30 1 42 43 47 66 247 188 #266
37 24 25 19 26 27 1 23 22 28 29 1 23 22 30 31 19 32 33 22 30 1 34 35 36 37 38 39 40 41 19 30 1 42 43 66 188 85 341 305 1 294 6 16 81 89 46 22 24 25 19 26 27 1 23 22 28 29 1 23 22 30 31 19 32 33 22 30 1 34 35 36 37 38 39 40 41 19 30 1 42 43 47 66 188 85 341 305 1 294 6 16 81 89 #284
37 19 20 1 21 22 1 23 66 80 188 46 22 19 20 1 21 22 1 23 47 66 80 188 #286
34 1 2 6 124 69 70 24 25 19 26 27 1 23 22 28 29 1 23 22 30 31 19 32 33 22 30 1 34 35 36 37 38 39 40 41 19 30 1 42 43 17 66 #287
37 66 247 188 24 25 19 26 27 1 23 22 28 29 1 23 22 30 31 19 32 33 22 30 1 34 35 36 37 38 39 40 41 19 30 1 42 43 66 76 188 46 22 24 25 19 26 27 1 23 22 28 29 1 23 22 30 31 19 32 33 22 30 1 34 35 36 37 38 39 40 41 19 30 1 42 43 47 66 76 188 #297
38 24 25 19 26 27 1 23 22 28 29 1 23 22 30 31 19 32 33 22 30 1 34 35 36 37 38 39 40 41 19 30 1 42 43 66 247 357 46 22 24 25 19 26 27 1 23 22 28 29 1 23 22 30 31 19 32 33 22 30 1 34 35 36 37 38 39 40 41 19 30 1 42 43 47 66 247 357 #318
34 24 25 19 26 27 1 23 22 28 29 1 23 22 30 31 19 32 33 22 30 1 34 35 36 37 38 39 40 41 19 30 1 42 43 17 66 46 22 24 25 19 26 27 1 23 22 28 29 1 23 22 30 31 19 32 33 22 30 1 34 35 36 37 38 39 40 41 19 30 1 42 43 47 17 66 #325
37 24 25 19 26 27 1 23 22 28 29 1 23 22 30 31 19 32 33 22 30 1 34 35 36 37 38 39 40 41 19 30 1 42 43 53 376 66 175 46 22 24 25 19 26 27 1 23 22 28 29 1 23 22 30 31 19 32 33 22 30 1 34 35 36 37 38 39 40 41 19 30 1 42 43 47 53 376 66 175 #363
34 1 2 6 66 182 24 25 19 26 27 1 23 22 28 29 1 23 22 30 31 19 32 33 22 30 1 34 35 36 37 38 39 40 41 19 30 1 42 43 16 17 66 182 46 22 24 25 19 26 27 1 23 22 28 29 1 23 22 30 31 19 32 33 22 30 1 34 35 36 37 38 39 40 41 19 30 1 42 43 47 16 17 66 182 #378
34 19 20 1 21 22 1 23 17 66 182 46 22 19 20 1 21 22 1 23 47 17 66 182 #385
36 1 2 6 237 392 393 190 246 394 395 396 19 20 1 21 22 1 23 66 397 190 191 15 #395
37 24 25 19 26 27 1 23 22 28 29 1 23 22 30 31 19 32 33 22 30 1 34 35 36 37 38 39 40 41 19 30 1 42 43 398 66 315 #396
34 19 20 1 21 22 1 23 66 5 406 #423
37 1 2 6 66 247 188 24 25 19 26 27 1 23 22 28 29 1 23 22 30 31 19 32 33 22 30 1 34 35 36 37 38 39 40 41 19 30 1 42 43 66 247 188 46 22 24 25 19 26 27 1 23 22 28 29 1 23 22 30 31 19 32 33 22 30 1 34 35 36 37 38 39 40 41 19 30 1 42 43 47 66 247 188 #429
38 24 25 19 26 27 1 23 22 28 29 1 23 22 30 31 19 32 33 22 30 1 34 35 36 37 38 39 40 41 19 30 1 42 43 66 247 357 #435
36 19 20 1 21 22 1 23 53 54 66 #443
38 1 2 6 66 247 357 24 25 19 26 27 1 23 22 28 29 1 23 22 30 31 19 32 33 22 30 1 34 35 36 37 38 39 40 41 19 30 1 42 43 16 417 66 61 46 22 24 25 19 26 27 1 23 22 28 29 1 23 22 30 31 19 32 33 22 30 1 34 35 36 37 38 39 40 41 19 30 1 42 43 47 16 417 66 61 #447
34 66 32 1 23 120 66 #449
34 19 20 1 21 22 1 23 66 5 15 46 22 19 20 1 21 22 1 23 47 66 5 15 #450
34 16 17 66 19 20 1 21 22 1 23 17 66 46 22 19 20 1 21 22 1 23 47 17 66 #455
34 24 25 19 26 27 1 23 22 28 29 1 23 22 30 31 19 32 33 22 30 1 34 35 36 37 38 39 40 41 19 30 1 42 43 17 66 #469
38 76 66 417 150 24 25 19 26 27 1 23 22 28 29 1 23 22 30 31 19 32 33 22 30 1 34 35 36 37 38 39 40 41 19 30 1 42 43 81 66 417 150 46 22 24 25 19 26 27 1 23 22 28 29 1 23 22 30 31 19 32 33 22 30 1 34 35 36 37 38 39 40 41 19 30 1 42 43 47 81 66 417 150 #482
36 19 20 1 21 22 1 23 53 54 66 46 22 19 20 1 21 22 1 23 47 53 54 66 #486
38 19 20 1 21 22 1 23 80 66 417 46 22 19 20 1 21 22 1 23 47 80 66 417 #489
38 19 20 1 21 22 1 23 80 66 417 46 22 19 20 1 21 22 1 23 47 80 66 417 #490
38 66 32 1 23 66 247 357 46 22 66 32 1 23 47 66 247 357 #495
36 1 2 6 16 49 19 441 19 20 1 21 22 1 23 66 318 15 46 22 19 20 1 21 22 1 23 47 66 318 15 #508
36 24 25 19 26 27 1 23 22 28 29 1 23 22 30 31 19 32 33 22 30 1 34 35 36 37 38 39 40 41 19 30 1 42 43 147 451 31 66 386 33 46 22 24 25 19 26 27 1 23 22 28 29 1 23 22 30 31 19 32 33 22 30 1 34 35 36 37 38 39 40 41 19 30 1 42 43 47 147 451 31 66 386 33 #512
36 24 25 19 26 27 1 23 22 28 29 1 23 22 30 31 19 32 33 22 30 1 34 35 36 37 38 39 40 41 19 30 1 42 43 18 209 6 66 227 386 31 190 191 386 1 294 46 22 24 25 19 26 27 1 23 22 28 29 1 23 22 30 31 19 32 33 22 30 1 34 35 36 37 38 39 40 41 19 30 1 42 43 47 18 209 6 66 227 386 31 190 191 386 1 294 #528
36 1 2 6 66 247 357 19 20 1 21 22 1 23 53 54 66 46 22 19 20 1 21 22 1 23 47 53 54 66 #532
38 1 2 6 66 247 357 19 20 1 21 22 1 23 66 247 357 6 16 53 54 66 74 18 46 22 19 20 1 21 22 1 23 47 66 247 357 6 16 53 54 66 74 18 #534
36 66 318 15 19 20 1 21 22 1 23 53 54 66 6 66 318 15 46 22 19 20 1 21 22 1 23 47 53 54 66 6 66 318 15 #535
34 470 66 31 19 1 294 24 25 19 26 27 1 23 22 28 29 1 23 22 30 31 19 32 33 22 30 1 34 35 36 37 38 39 40 41 19 30 1 42 43 16 17 66 #545
37 24 25 19 26 27 1 23 22 28 29 1 23 22 30 31 19 32 33 22 30 1 34 35 36 37 38 39 40 41 19 30 1 42 43 66 175 85 305 1 294 6 80 89 46 22 24 25 19 26 27 1 23 22 28 29 1 23 22 30 31 19 32 33 22 30 1 34 35 36 37 38 39 40 41 19 30 1 42 43 47 66 175 85 305 1 294 6 80 89 #560
34 24 25 19 26 27 1 23 22 28 29 1 23 22 30 31 19 32 33 22 30 1 34 35 36 37 38 39 40 41 19 30 1 42 43 17 260 57 46 22 24 25 19 26 27 1 23 22 28 29 1 23 22 30 31 19 32 33 22 30 1 34 35 36 37 38 39 40 41 19 30 1 42 43 47 17 260 57 #565
34 1 2 6 80 260 57 24 25 19 26 27 1 23 22 28 29 1 23 22 30 31 19 32 33 22 30 1 34 35 36 37 38 39 40 41 19 30 1 42 43 17 260 57 46 22 24 25 19 26 27 1 23 22 28 29 1 23 22 30 31 19 32 33 22 30 1 34 35 36 37 38 39 40 41 19 30 1 42 43 47 17 260 57 #570
36 24 25 19 26 27 1 23 22 28 29 1 23 22 30 31 19 32 33 22 30 1 34 35 36 37 38 39 40 41 19 30 1 42 43 66 386 31 147 451 386 498 46 22 24 25 19 26 27 1 23 22 28 29 1 23 22 30 31 19 32 33 22 30 1 34 35 36 37 38 39 40 41 19 30 1 42 43 47 66 386 31 147 451 386 498 #587
36 1 2 6 16 49 52 19 20 1 21 22 1 23 53 54 66 61 46 22 19 20 1 21 22 1 23 47 53 54 66 61 #589
36 1 2 6 305 31 66 1 294 24 25 19 26 27 1 23 22 28 29 1 23 22 30 31 19 32 33 22 30 1 34 35 36 37 38 39 40 41 19 30 1 42 43 66 85 305 1 294 46 22 24 25 19 26 27 1 23 22 28 29 1 23 22 30 31 19 32 33 22 30 1 34 35 36 37 38 39 40 41 19 30 1 42 43 47 66 85 305 1 294 #619
36 19 20 1 21 22 1 23 53 54 66 46 22 19 20 1 21 22 1 23 47 53 54 66 #630
36 1 2 6 187 66 524 186 46 22 19 20 1 21 22 1 23 47 53 54 #641
37 1 2 6 66 175 31 190 331 294 24 25 19 26 27 1 23 22 28 29 1 23 22 30 31 19 32 33 22 30 1 34 35 36 37 38 39 40 41 19 30 1 42 43 66 175 183 46 22 24 25 19 26 27 1 23 22 28 29 1 23 22 30 31 19 32 33 22 30 1 34 35 36 37 38 39 40 41 19 30 1 42 43 47 66 175 183 #643
38 24 25 19 26 27 1 23 22 28 29 1 23 22 30 31 19 32 33 22 30 1 34 35 36 37 38 39 40 41 19 30 1 42 43 76 357 46 22 24 25 19 26 27 1 23 22 28 29 1 23 22 30 31 19 32 33 22 30 1 34 35 36 37 38 39 40 41 19 30 1 42 43 47 76 357 #670
34 19 20 1 21 22 1 23 16 17 260 57 46 22 19 20 1 21 22 1 23 47 16 17 260 57 #673
36 19 20 1 21 22 1 23 53 54 66 46 22 19 20 1 21 22 1 23 47 53 54 66 #676
34 19 20 1 21 22 1 23 16 548 237 66 549 207 260 57 46 22 19 20 1 21 22 1 23 47 16 548 237 66 549 207 260 57 #706
34 24 25 19 26 27 1 23 22 28 29 1 23 22 30 31 19 32 33 22 30 1 34 35 36 37 38 39 40 41 19 30 1 42 43 17 66 46 22 24 25 19 26 27 1 23 22 28 29 1 23 22 30 31 19 32 33 22 30 1 34 35 36 37 38 39 40 41 19 30 1 42 43 47 17 66 #708
34 1 2 3 90 69 70 19 20 1 21 22 1 23 17 66 46 22 24 25 19 26 27 1 23 22 28 29 1 23 22 30 31 19 32 33 22 30 1 34 35 36 37 38 39 40 41 19 30 1 42 43 47 44 18 #815
37 24 25 19 26 27 1 23 22 28 29 1 23 22 30 31 19 32 33 22 30 1 34 35 36 37 38 39 40 41 19 30 1 42 43 66 247 188 46 22 24 25 19 26 27 1 23 22 28 29 1 23 22 30 31 19 32 33 22 30 1 34 35 36 37 38 39 40 41 19 30 1 42 43 47 66 247 188 #821
34 1 2 6 16 149 260 57 24 25 19 26 27 1 23 22 28 29 1 23 22 30 31 19 32 33 22 30 1 34 35 36 37 38 39 40 41 19 30 1 42 43 16 149 260 57 46 22 24 25 19 26 27 1 23 22 28 29 1 23 22 30 31 19 32 33 22 30 1 34 35 36 37 38 39 40 41 19 30 1 42 43 47 16 149 260 57 #823
37 24 25 19 26 27 1 23 22 28 29 1 23 22 30 31 19 32 33 22 30 1 34 35 36 37 38 39 40 41 19 30 1 42 43 66 605 188 46 22 24 25 19 26 27 1 23 22 28 29 1 23 22 30 31 19 32 33 22 30 1 34 35 36 37 38 39 40 41 19 30 1 42 43 47 66 605 188 #874
36 1 2 6 66 441 15 46 22 19 20 1 21 22 1 23 47 16 667 664 318 66 #988
36 1 2 6 66 180 15 6 135 31 68 438 #1040
36 1 2 6 66 180 15 6 135 31 68 438 694 6 608 70 46 22 19 371 613 69 614 518 180 15 #1054
36 90 91 69 70 19 20 1 21 22 1 23 53 54 66 #1074
36 16 81 721 66 150 61 #1080
36 1 2 6 66 397 180 15 6 19 371 69 70 #1095
40 1 2 6 283 284 180 98 724 6 656 454 98 725 207 370 6 19 371 69 70 #1096
40 1 2 6 726 464 1 485 66 19 #1098
36 1 2 6 397 66 180 15 6 135 31 68 438 6 608 70 46 22 19 371 613 69 614 518 180 15 #1107
36 1 2 66 318 15 #1111
36 1 2 90 69 70 24 25 19 26 27 1 23 22 28 29 1 23 22 30 31 19 32 33 22 30 1 34 35 36 37 38 39 40 41 19 30 1 42 43 53 54 66 #1148
37 1 2 6 66 605 188 #1169
40 1 2 6 66 774 610 377 775 6 135 85 68 438 2 153 236 61 46 22 19 371 613 69 614 518 438 77 70 #1183
36 66 15 17 #1245
36 1 2 6 124 69 70 19 20 1 21 22 1 23 53 54 66 #1281
37 24 25 19 26 27 1 23 22 28 29 1 23 22 30 31 19 32 33 22 30 1 34 35 36 37 38 39 40 41 19 30 1 42 43 53 54 66 188 46 22 24 25 19 26 27 1 23 22 28 29 1 23 22 30 31 19 32 33 22 30 1 34 35 36 37 38 39 40 41 19 30 1 42 43 47 53 54 66 188 #1306
34 24 25 19 26 27 1 23 22 28 29 1 23 22 30 31 19 32 33 22 30 1 34 35 36 37 38 39 40 41 19 30 1 42 43 16 17 66 46 22 24 25 19 26 27 1 23 22 28 29 1 23 22 30 31 19 32 33 22 30 1 34 35 36 37 38 39 40 41 19 30 1 42 43 47 16 17 66 #1308
34 72 819 539 238 6 120 66 19 20 1 21 22 1 23 17 66 #1321
34 124 69 70 24 25 19 26 27 1 23 22 28 29 1 23 22 30 31 19 32 33 22 30 1 34 35 36 37 38 39 40 41 19 30 1 42 43 17 66 18 61 46 22 24 25 19 26 27 1 23 22 28 29 1 23 22 30 31 19 32 33 22 30 1 34 35 36 37 38 39 40 41 19 30 1 42 43 47 17 66 18 61 #1346
36 835 66 176 66 315 19 20 1 21 22 1 23 53 54 66 #1389
37 24 25 19 26 27 1 23 22 28 29 1 23 22 30 31 19 32 33 22 30 1 34 35 36 37 38 39 40 41 19 30 1 42 43 66 16 188 46 22 24 25 19 26 27 1 23 22 28 29 1 23 22 30 31 19 32 33 22 30 1 34 35 36 37 38 39 40 41 19 30 1 42 43 47 66 16 188 #1395
37 1 2 6 66 603 66 175 66 603 66 315 56 837 838 162 790 59 66 839 634 66 315 6 16 53 54 21 207 66 46 22 66 603 66 315 56 837 838 162 790 59 47 66 839 634 66 315 6 16 53 54 21 207 66 #1411
37 124 69 19 20 1 21 22 1 23 66 603 66 315 46 22 19 20 1 21 22 1 23 47 66 603 66 315 #1433
37 124 69 19 20 1 21 22 1 23 66 603 66 315 46 22 19 20 1 21 22 1 23 47 66 603 66 315 #1434
37 66 176 66 315 24 25 19 26 27 1 23 22 28 29 1 23 22 30 31 19 32 33 22 30 1 34 35 36 37 38 39 40 41 19 30 1 42 43 80 66 315 46 22 24 25 19 26 27 1 23 22 28 29 1 23 22 30 31 19 32 33 22 30 1 34 35 36 37 38 39 40 41 19 30 1 42 43 47 80 66 315 #1447
37 19 20 1 21 22 1 23 66 247 188 46 22 19 20 1 21 22 1 23 47 66 247 188 #1448
37 19 20 1 21 22 1 23 66 247 188 46 22 19 20 1 21 22 1 23 47 66 247 188 #1449
37 19 20 1 21 22 1 23 66 247 188 46 22 19 20 1 21 22 1 23 47 66 247 188 #1450
37 24 25 19 26 27 1 23 22 28 29 1 23 22 30 31 19 32 33 22 30 1 34 35 36 37 38 39 40 41 19 30 1 42 43 16 830 66 175 #1457
37 1 2 6 275 66 315 61 19 20 1 21 22 1 23 66 603 66 315 6 16 53 54 46 22 19 20 1 21 22 1 23 47 66 603 66 315 6 16 53 54 #1467
37 1 2 6 66 603 66 175 19 20 1 21 22 1 23 66 247 249 66 315 46 22 19 20 1 21 22 1 23 47 66 247 249 66 315 #1468
36 24 25 19 26 27 1 23 22 28 29 1 23 22 30 31 19 32 33 22 30 1 34 35 36 37 38 39 40 41 19 30 1 42 43 16 53 54 66 61 46 22 24 25 19 26 27 1 23 22 28 29 1 23 22 30 31 19 32 33 22 30 1 34 35 36 37 38 39 40 41 19 30 1 42 43 47 16 53 54 66 61 #1475
37 1 2 6 603 66 315 61 19 20 1 21 22 1 23 66 603 315 6 16 53 54 46 22 19 20 1 21 22 1 23 47 66 603 315 6 16 53 54 #1489
36 1 2 6 72 843 22 844 22 845 66 58 31 828 5 1 294 19 20 1 21 22 1 23 53 54 66 #1506
34 24 25 19 26 27 1 23 22 28 29 1 23 22 30 31 19 32 33 22 30 1 34 35 36 37 38 39 40 41 19 30 1 42 43 17 66 46 22 24 25 19 26 27 1 23 22 28 29 1 23 22 30 31 19 32 33 22 30 1 34 35 36 37 38 39 40 41 19 30 1 42 43 47 17 66 #1513
36 1 2 6 283 284 180 31 66 1 294 6 610 425 66 483 6 19 371 69 70 #1529
34 24 25 19 26 27 1 23 22 28 29 1 23 22 30 31 19 32 33 22 30 1 34 35 36 37 38 39 40 41 19 30 1 42 43 17 66 377 296 46 22 24 25 19 26 27 1 23 22 28 29 1 23 22 30 31 19 32 33 22 30 1 34 35 36 37 38 39 40 41 19 30 1 42 43 47 17 66 377 296 #1560
36 19 20 1 21 22 1 23 53 54 66 6 16 54 66 848 46 22 19 20 1 21 22 1 23 47 53 54 66 6 16 54 66 848 #1570
36 19 20 1 21 22 1 23 153 154 66 153 154 323 85 867 131 46 22 19 20 1 21 22 1 23 47 153 154 66 153 154 323 85 867 131 #1571
36 1 2 6 66 58 31 828 5 33 24 25 19 26 27 1 23 22 28 29 1 23 22 30 31 19 32 33 22 30 1 34 35 36 37 38 39 40 41 19 30 1 42 43 161 162 46 22 24 25 19 26 27 1 23 22 28 29 1 23 22 30 31 19 32 33 22 30 1 34 35 36 37 38 39 40 41 19 30 1 42 43 47 161 162 #1592
36 19 20 1 21 22 1 23 53 54 66 5 1 21 46 22 19 20 1 21 22 1 23 47 53 54 66 5 1 21 #1594
37 24 25 19 26 27 1 23 22 28 29 1 23 22 30 31 19 32 33 22 30 1 34 35 36 37 38 39 40 41 19 30 1 42 43 66 175 46 22 24 25 19 26 27 1 23 22 28 29 1 23 22 30 31 19 32 33 22 30 1 34 35 36 37 38 39 40 41 19 30 1 42 43 47 66 175 #1595
36 66 234 876 877 186 24 25 19 26 27 1 23 22 28 29 1 23 22 30 31 19 32 33 22 30 1 34 35 36 37 38 39 40 41 19 30 1 42 43 66 150 878 #1613
38 24 25 19 26 27 1 23 22 28 29 1 23 22 30 31 19 32 33 22 30 1 34 35 36 37 38 39 40 41 19 30 1 42 43 17 357 150 46 22 24 25 19 26 27 1 23 22 28 29 1 23 22 30 31 19 32 33 22 30 1 34 35 36 37 38 39 40 41 19 30 1 42 43 47 17 357 150 #1615
36 24 25 66 32 1 23 22 748 22 749 36 188 1 750 22 67 15 41 66 1 751 43 66 304 386 98 891 892 893 6 188 98 891 892 893 894 895 896 430 6 897 1 294 6 135 31 90 438 551 18 61 46 22 24 25 66 32 1 23 22 748 22 749 36 188 1 750 22 67 15 41 66 1 751 43 47 66 304 386 98 891 892 893 6 188 98 891 892 893 894 895 896 430 6 897 1 294 6 135 31 90 438 551 18 61 #1636
37 19 20 1 21 22 1 23 53 54 66 46 22 19 20 1 21 22 1 23 47 53 54 66 #1648
37 1 2 66 175 31 190 331 294 6 76 89 24 25 19 26 27 1 23 22 28 29 1 23 22 30 31 19 32 33 22 30 1 34 35 36 37 38 39 40 41 19 30 1 42 43 53 54 6 66 175 46 22 24 25 19 26 27 1 23 22 28 29 1 23 22 30 31 19 32 33 22 30 1 34 35 36 37 38 39 40 41 19 30 1 42 43 47 53 54 6 66 175 #1654
37 1 2 6 66 175 31 190 191 33 24 25 19 26 27 1 23 22 28 29 1 23 22 30 31 19 32 33 22 30 1 34 35 36 37 38 39 40 41 19 30 1 42 43 830 66 175 46 22 24 25 19 26 27 1 23 22 28 29 1 23 22 30 31 19 32 33 22 30 1 34 35 36 37 38 39 40 41 19 30 1 42 43 47 830 66 175 #1668
36 24 25 19 26 27 1 23 22 28 29 1 23 22 30 31 19 32 33 22 30 1 34 35 36 37 38 39 40 41 19 30 1 42 43 66 15 #1672
36 124 69 70 24 25 19 26 27 1 23 22 28 29 1 23 22 30 31 19 32 33 22 30 1 34 35 36 37 38 39 40 41 19 30 1 42 43 16 53 54 66 #1677
37 1 2 66 80 188 24 25 66 32 1 23 22 748 22 749 36 188 1 750 22 67 15 41 66 1 751 43 66 247 188 46 22 24 25 66 32 1 23 22 748 22 749 36 188 1 750 22 67 15 41 66 1 751 43 47 66 247 188 #1696
36 1 2 6 72 461 539 318 15 24 25 19 26 27 1 23 22 28 29 1 23 22 30 31 19 32 33 22 30 1 34 35 36 37 38 39 40 41 19 30 1 42 43 16 53 54 66 #1700
36 19 20 1 21 22 1 23 66 910 #1701
36 18 66 1 294 46 22 19 20 1 21 22 1 23 47 551 66 #1719
37 24 25 19 26 27 1 23 22 28 29 1 23 22 30 31 19 32 33 22 30 1 34 35 36 37 38 39 40 41 19 30 1 42 43 66 80 188 46 22 24 25 19 26 27 1 23 22 28 29 1 23 22 30 31 19 32 33 22 30 1 34 35 36 37 38 39 40 41 19 30 1 42 43 47 66 80 188 #1738
36 1 2 6 927 66 190 191 33 24 25 19 26 27 1 23 22 28 29 1 23 22 30 31 19 32 33 22 30 1 34 35 36 37 38 39 40 41 19 30 1 42 43 53 54 66 46 22 24 25 19 26 27 1 23 22 28 29 1 23 22 30 31 19 32 33 22 30 1 34 35 36 37 38 39 40 41 19 30 1 42 43 47 53 54 66 #1745
37 24 25 19 26 27 1 23 22 28 29 1 23 22 30 31 19 32 33 22 30 1 34 35 36 37 38 39 40 41 19 30 1 42 43 66 188 #1752
34 24 25 19 26 27 1 23 22 28 29 1 23 22 30 31 19 32 33 22 30 1 34 35 36 37 38 39 40 41 19 30 1 42 43 17 66 46 22 24 25 19 26 27 1 23 22 28 29 1 23 22 30 31 19 32 33 22 30 1 34 35 36 37 38 39 40 41 19 30 1 42 43 47 17 66 #1761
40 24 25 19 26 27 1 23 22 28 29 1 23 22 30 31 19 32 33 22 30 1 34 35 36 37 38 39 40 41 19 30 1 42 43 66 931 96 1 257 46 22 24 25 19 26 27 1 23 22 28 29 1 23 22 30 31 19 32 33 22 30 1 34 35 36 37 38 39 40 41 19 30 1 42 43 47 66 931 96 1 257 #1771
34 1 2 6 66 247 357 24 25 19 26 27 1 23 22 28 29 1 23 22 30 31 19 32 33 22 30 1 34 35 36 37 38 39 40 41 19 30 1 42 43 16 17 66 357 46 22 24 25 19 26 27 1 23 22 28 29 1 23 22 30 31 19 32 33 22 30 1 34 35 36 37 38 39 40 41 19 30 1 42 43 47 16 17 66 357 #1781
34 76 66 417 150 24 25 19 26 27 1 23 22 28 29 1 23 22 30 31 19 32 33 22 30 1 34 35 36 37 38 39 40 41 19 30 1 42 43 16 17 66 357 46 22 24 25 19 26 27 1 23 22 28 29 1 23 22 30 31 19 32 33 22 30 1 34 35 36 37 38 39 40 41 19 30 1 42 43 47 16 17 66 357 #1782
37 124 69 70 24 25 19 26 27 1 23 22 28 29 1 23 22 30 31 19 32 33 22 30 1 34 35 36 37 38 39 40 41 19 30 1 42 43 66 247 188 46 22 24 25 19 26 27 1 23 22 28 29 1 23 22 30 31 19 32 33 22 30 1 34 35 36 37 38 39 40 41 19 30 1 42 43 47 66 247 188 #1792
38 24 25 19 26 27 1 23 22 28 29 1 23 22 30 31 19 32 33 22 30 1 34 35 36 37 38 39 40 41 19 30 1 42 43 66 247 357 46 22 24 25 19 26 27 1 23 22 28 29 1 23 22 30 31 19 32 33 22 30 1 34 35 36 37 38 39 40 41 19 30 1 42 43 47 66 247 357 #1814
38 24 25 19 26 27 1 23 22 28 29 1 23 22 30 31 19 32 33 22 30 1 34 35 36 37 38 39 40 41 19 30 1 42 43 66 247 357 46 22 24 25 19 26 27 1 23 22 28 29 1 23 22 30 31 19 32 33 22 30 1 34 35 36 37 38 39 40 41 19 30 1 42 43 47 66 247 357 #1816
38 24 25 19 26 27 1 23 22 28 29 1 23 22 30 31 19 32 33 22 30 1 34 35 36 37 38 39 40 41 19 30 1 42 43 66 247 357 46 22 24 25 19 26 27 1 23 22 28 29 1 23 22 30 31 19 32 33 22 30 1 34 35 36 37 38 39 40 41 19 30 1 42 43 47 66 247 357 #1821
38 66 247 417 66 32 1 23 66 247 357 46 22 66 32 1 23 47 66 247 357 #1825
38 24 25 19 26 27 1 23 22 28 29 1 23 22 30 31 19 32 33 22 30 1 34 35 36 37 38 39 40 41 19 30 1 42 43 66 357 46 22 24 25 19 26 27 1 23 22 28 29 1 23 22 30 31 19 32 33 22 30 1 34 35 36 37 38 39 40 41 19 30 1 42 43 47 66 357 #1828
38 24 25 19 26 27 1 23 22 28 29 1 23 22 30 31 19 32 33 22 30 1 34 35 36 37 38 39 40 41 19 30 1 42 43 357 66 46 22 24 25 19 26 27 1 23 22 28 29 1 23 22 30 31 19 32 33 22 30 1 34 35 36 37 38 39 40 41 19 30 1 42 43 47 357 66 #1829
34 76 66 417 150 19 20 1 21 22 1 23 17 66 417 150 46 22 19 20 1 21 22 1 23 47 17 66 417 150 #1831
36 24 25 19 26 27 1 23 22 28 29 1 23 22 30 31 19 32 33 22 30 1 34 35 36 37 38 39 40 41 19 30 1 42 43 318 46 22 24 25 19 26 27 1 23 22 28 29 1 23 22 30 31 19 32 33 22 30 1 34 35 36 37 38 39 40 41 19 30 1 42 43 47 318 #1835
38 24 25 19 26 27 1 23 22 28 29 1 23 22 30 31 19 32 33 22 30 1 34 35 36 37 38 39 40 41 19 30 1 42 43 66 247 417 46 22 24 25 19 26 27 1 23 22 28 29 1 23 22 30 31 19 32 33 22 30 1 34 35 36 37 38 39 40 41 19 30 1 42 43 47 66 247 417 #1850
38 24 25 19 26 27 1 23 22 28 29 1 23 22 30 31 19 32 33 22 30 1 34 35 36 37 38 39 40 41 19 30 1 42 43 66 247 417 46 22 24 25 19 26 27 1 23 22 28 29 1 23 22 30 31 19 32 33 22 30 1 34 35 36 37 38 39 40 41 19 30 1 42 43 47 66 247 417 #1851
36 1 2 6 66 247 357 19 20 1 21 22 1 23 53 54 66 46 22 19 20 1 21 22 1 23 47 53 54 66 #1852
34 24 25 19 26 27 1 23 22 28 29 1 23 22 30 31 19 32 33 22 30 1 34 35 36 37 38 39 40 41 19 30 1 42 43 17 66 46 22 24 25 19 26 27 1 23 22 28 29 1 23 22 30 31 19 32 33 22 30 1 34 35 36 37 38 39 40 41 19 30 1 42 43 47 17 66 #1857
36 1 2 6 318 15 24 25 19 26 27 1 23 22 28 29 1 23 22 30 31 19 32 33 22 30 1 34 35 36 37 38 39 40 41 19 30 1 42 43 318 15 46 22 24 25 19 26 27 1 23 22 28 29 1 23 22 30 31 19 32 33 22 30 1 34 35 36 37 38 39 40 41 19 30 1 42 43 47 318 15 #1872
38 24 25 19 26 27 1 23 22 28 29 1 23 22 30 31 19 32 33 22 30 1 34 35 36 37 38 39 40 41 19 30 1 42 43 66 247 357 46 22 24 25 19 26 27 1 23 22 28 29 1 23 22 30 31 19 32 33 22 30 1 34 35 36 37 38 39 40 41 19 30 1 42 43 47 66 247 357 #1879
36 124 69 70 19 20 1 21 22 1 23 53 54 66 #1881
34 1 2 66 80 188 24 25 19 26 27 1 23 22 28 29 1 23 22 30 31 19 32 33 22 30 1 34 35 36 37 38 39 40 41 19 30 1 42 43 17 66 970 395 930 246 188 61 46 22 24 25 19 26 27 1 23 22 28 29 1 23 22 30 31 19 32 33 22 30 1 34 35 36 37 38 39 40 41 19 30 1 42 43 47 17 66 970 395 930 246 188 61 #1903
36 24 25 19 26 27 1 23 22 28 29 1 23 22 30 31 19 32 33 22 30 1 34 35 36 37 38 39 40 41 19 30 1 42 43 16 53 54 66 61 46 22 24 25 19 26 27 1 23 22 28 29 1 23 22 30 31 19 32 33 22 30 1 34 35 36 37 38 39 40 41 19 30 1 42 43 47 16 53 54 66 61 #1907
38 24 25 19 26 27 1 23 22 28 29 1 23 22 30 31 19 32 33 22 30 1 34 35 36 37 38 39 40 41 19 30 1 42 43 53 823 66 357 46 22 24 25 19 26 27 1 23 22 28 29 1 23 22 30 31 19 32 33 22 30 1 34 35 36 37 38 39 40 41 19 30 1 42 43 47 53 823 66 357 #1926
38 24 25 19 26 27 1 23 22 28 29 1 23 22 30 31 19 32 33 22 30 1 34 35 36 37 38 39 40 41 19 30 1 42 43 53 823 66 357 46 22 24 25 19 26 27 1 23 22 28 29 1 23 22 30 31 19 32 33 22 30 1 34 35 36 37 38 39 40 41 19 30 1 42 43 47 53 823 66 357 #1927
38 24 25 19 26 27 1 23 22 28 29 1 23 22 30 31 19 32 33 22 30 1 34 35 36 37 38 39 40 41 19 30 1 42 43 66 357 46 22 24 25 19 26 27 1 23 22 28 29 1 23 22 30 31 19 32 33 22 30 1 34 35 36 37 38 39 40 41 19 30 1 42 43 47 66 357 #1983
40 1 2 6 187 66 524 186 #2012
36 19 20 1 21 22 1 23 53 54 66 #2016
37 24 25 19 26 27 1 23 22 28 29 1 23 22 30 31 19 32 33 22 30 1 34 35 36 37 38 39 40 41 19 30 1 42 43 66 188 46 22 24 25 19 26 27 1 23 22 28 29 1 23 22 30 31 19 32 33 22 30 1 34 35 36 37 38 39 40 41 19 30 1 42 43 47 66 188 #2040
37 19 20 1 21 22 1 23 66 247 188 46 22 19 20 1 21 22 1 23 47 66 247 188 #2047
34 24 25 19 26 27 1 23 22 28 29 1 23 22 30 31 19 32 33 22 30 1 34 35 36 37 38 39 40 41 19 30 1 42 43 17 66 46 22 24 25 19 26 27 1 23 22 28 29 1 23 22 30 31 19 32 33 22 30 1 34 35 36 37 38 39 40 41 19 30 1 42 43 47 17 66 #2054
37 1 2 6 66 247 188 66 603 66 315 56 837 838 162 790 59 66 603 66 315 56 837 838 162 790 59 46 22 66 603 66 315 56 837 838 162 790 59 47 66 603 66 315 56 837 838 162 790 59 #2068
38 24 25 19 26 27 1 23 22 28 29 1 23 22 30 31 19 32 33 22 30 1 34 35 36 37 38 39 40 41 19 30 1 42 43 80 66 357 150 46 22 24 25 19 26 27 1 23 22 28 29 1 23 22 30 31 19 32 33 22 30 1 34 35 36 37 38 39 40 41 19 30 1 42 43 47 80 66 357 150 #2080
34 195 196 5 31 30 5 1 294 16 17 66 46 22 195 196 5 31 30 5 1 294 47 16 17 66 #2087
36 19 20 1 21 22 1 23 53 54 66 #2096
37 1 2 6 90 69 70 66 249 315 1 750 66 247 188 46 22 66 603 66 315 56 837 838 162 790 59 518 66 603 66 315 #2158
36 1 2 6 283 284 31 66 180 1 294 6 19 371 69 70 #2167
40 370 1045 1 294 #2216
34 1 2 6 90 69 70 61 19 20 1 21 22 1 23 17 66 #2246
36 1 2 6 135 85 68 438 161 162 6 2 614 153 236 61 46 22 19 371 613 69 614 518 438 77 70 #2291
40 370 16 1066 1045 294 #2314
36 1 2 6 283 284 31 66 180 1 294 6 19 371 69 70 #2322
37 1 2 6 66 175 15 #2329
36 1 2 6 66 5 15 6 161 162 6 135 31 68 438 6 608 70 46 22 24 25 19 5 31 922 656 5 33 22 19 190 150 355 183 22 19 358 150 1 21 23 41 19 150 149 1 21 43 518 #2336
37 1 2 46 22 876 877 186 15 518 66 315 31 454 246 33 61 #2369
36 66 180 31 284 180 1 294 #2416
36 1 2 518 588 66 417 12 1101 61 572 66 77 1102 236 417 #2431
36 66 5 686 19 5 6 16 637 614 46 22 195 196 5 31 30 5 1 294 518 66 5 1112 35 5 #2451
37 637 614 6 66 247 188 61 1075 1116 6 637 70 #2460
37 1 2 111 66 554 4 24 25 19 26 27 1 23 22 28 29 1 23 22 30 31 19 32 33 22 30 1 34 35 36 37 38 39 40 41 19 30 1 42 43 66 188 46 22 24 25 19 26 27 1 23 22 28 29 1 23 22 30 31 19 32 33 22 30 1 34 35 36 37 38 39 40 41 19 30 1 42 43 47 66 188 #2493
34 19 20 1 21 22 1 23 17 66 #2515
34 19 20 1 21 22 1 23 17 370 #2525
34 124 69 70 24 25 19 26 27 1 23 22 28 29 1 23 22 30 31 19 32 33 22 30 1 34 35 36 37 38 39 40 41 19 30 1 42 43 44 66 46 22 24 25 19 26 27 1 23 22 28 29 1 23 22 30 31 19 32 33 22 30 1 34 35 36 37 38 39 40 41 19 30 1 42 43 47 44 66 #2533
34 16 106 66 5 24 25 19 26 27 1 23 22 28 29 1 23 22 30 31 19 32 33 22 30 1 34 35 36 37 38 39 40 41 19 30 1 42 43 17 66 46 22 24 25 19 26 27 1 23 22 28 29 1 23 22 30 31 19 32 33 22 30 1 34 35 36 37 38 39 40 41 19 30 1 42 43 47 17 66 #2534
34 24 25 19 26 27 1 23 22 28 29 1 23 22 30 31 19 32 33 22 30 1 34 35 36 37 38 39 40 41 19 30 1 42 43 17 66 #2547
34 124 69 70 24 25 19 26 27 1 23 22 28 29 1 23 22 30 31 19 32 33 22 30 1 34 35 36 37 38 39 40 41 19 30 1 42 43 17 66 46 22 24 25 19 26 27 1 23 22 28 29 1 23 22 30 31 19 32 33 22 30 1 34 35 36 37 38 39 40 41 19 30 1 42 43 47 17 66 #2554
34 19 20 1 21 22 1 23 16 17 66 46 22 19 20 1 21 22 1 23 47 16 17 66 #2556
37 1 2 6 66 839 66 315 19 20 1 21 22 1 23 66 227 730 915 66 315 6 16 53 54 46 22 19 20 1 21 22 1 23 47 66 227 730 915 66 315 6 16 53 54 #2571
37 24 25 19 26 27 1 23 22 28 29 1 23 22 30 31 19 32 33 22 30 1 34 35 36 37 38 39 40 41 19 30 1 42 43 66 16 188 248 80 197 152 46 22 24 25 19 26 27 1 23 22 28 29 1 23 22 30 31 19 32 33 22 30 1 34 35 36 37 38 39 40 41 19 30 1 42 43 47 66 16 188 248 80 197 152 #2576
34 19 20 1 21 22 1 23 17 260 57 46 22 19 20 1 21 22 1 23 47 17 260 57 #2613
34 19 20 1 21 22 1 23 17 260 57 46 22 19 20 1 21 22 1 23 47 17 260 57 #2614
34 19 20 1 21 22 1 23 17 260 57 #2615
34 19 20 1 21 22 1 23 17 260 57 46 22 19 20 1 21 22 1 23 47 17 260 57 #2618
34 19 20 1 21 22 1 23 17 260 57 46 22 19 20 1 21 22 1 23 47 17 260 57 #2619
36 66 318 15 66 318 730 355 36 355 15 318 15 46 22 66 318 730 355 36 355 15 47 318 15 #2628
37 24 25 19 26 27 1 23 22 28 29 1 23 22 30 31 19 32 33 22 30 1 34 35 36 37 38 39 40 41 19 30 1 42 43 66 247 188 46 22 24 25 19 26 27 1 23 22 28 29 1 23 22 30 31 19 32 33 22 30 1 34 35 36 37 38 39 40 41 19 30 1 42 43 47 66 247 188 #2631
34 19 20 1 21 22 1 23 16 17 66 207 260 57 518 17 243 244 407 850 851 6 1144 567 35 1092 351 926 421 #2642
34 24 25 19 26 27 1 23 22 28 29 1 23 22 30 31 19 32 33 22 30 1 34 35 36 37 38 39 40 41 19 30 1 42 43 17 66 #2644
34 24 25 19 26 27 1 23 22 28 29 1 23 22 30 31 19 32 33 22 30 1 34 35 36 37 38 39 40 41 19 30 1 42 43 80 260 57 #2645
36 19 20 1 21 22 1 23 53 54 66 #2648
34 19 20 1 21 22 1 23 16 17 260 57 #2655
34 19 20 1 21 22 1 23 17 46 22 19 20 1 21 22 1 23 47 17 #2668
36 124 69 70 24 25 19 26 27 1 23 22 28 29 1 23 22 30 31 19 32 33 22 30 1 34 35 36 37 38 39 40 41 19 30 1 42 43 44 72 99 22 263 74 18 #2673
37 19 20 1 21 22 1 23 17 #2693
37 66 603 66 315 56 837 838 162 790 59 16 53 54 66 6 247 188 46 22 66 603 66 315 56 837 838 162 790 59 47 16 53 54 66 6 247 188 #2697
36 16 53 54 63 19 26 378 66 24 25 19 26 27 1 23 22 28 29 1 23 22 30 31 19 32 33 22 30 1 34 35 36 37 38 39 40 41 19 30 1 42 43 16 53 54 66 39 66 26 152 #2707
34 66 318 15 19 20 1 21 22 1 23 17 66 46 22 19 20 1 21 22 1 23 47 17 66 #2710
37 66 176 315 24 25 19 26 27 1 23 22 28 29 1 23 22 30 31 19 32 33 22 30 1 34 35 36 37 38 39 40 41 19 30 1 42 43 66 175 46 22 24 25 19 26 27 1 23 22 28 29 1 23 22 30 31 19 32 33 22 30 1 34 35 36 37 38 39 40 41 19 30 1 42 43 47 66 175 #2721
34 1 2 6 80 66 19 20 1 21 22 1 23 17 66 46 22 19 20 1 21 22 1 23 47 17 66 #2729
36 24 25 19 26 27 1 23 22 28 29 1 23 22 30 31 19 32 33 22 30 1 34 35 36 37 38 39 40 41 19 30 1 42 43 16 53 54 66 46 22 24 25 19 26 27 1 23 22 28 29 1 23 22 30 31 19 32 33 22 30 1 34 35 36 37 38 39 40 41 19 30 1 42 43 47 16 53 54 66 #2730
36 24 25 19 26 27 1 23 22 28 29 1 23 22 30 31 19 32 33 22 30 1 34 35 36 37 38 39 40 41 19 30 1 42 43 66 318 15 #2732
34 19 20 1 21 22 1 23 17 66 417 12 570 89 46 22 19 20 1 21 22 1 23 47 17 66 417 12 570 89 #2734
36 124 69 70 24 25 19 26 27 1 23 22 28 29 1 23 22 30 31 19 32 33 22 30 1 34 35 36 37 38 39 40 41 19 30 1 42 43 66 318 1167 480 #2761
36 1 2 72 172 539 238 66 318 15 24 25 19 26 27 1 23 22 28 29 1 23 22 30 31 19 32 33 22 30 1 34 35 36 37 38 39 40 41 19 30 1 42 43 318 15 #2784
37 24 25 19 26 27 1 23 22 28 29 1 23 22 30 31 19 32 33 22 30 1 34 35 36 37 38 39 40 41 19 30 1 42 43 80 66 175 #2786
34 19 20 1 21 22 1 23 17 66 46 22 19 20 1 21 22 1 23 47 17 66 #2788
37 24 25 19 26 27 1 23 22 28 29 1 23 22 30 31 19 32 33 22 30 1 34 35 36 37 38 39 40 41 19 30 1 42 43 66 175 #2789
38 19 20 1 21 22 1 23 80 66 417 46 22 19 20 1 21 22 1 23 47 80 66 417 #2790
37 24 25 19 26 27 1 23 22 28 29 1 23 22 30 31 19 32 33 22 30 1 34 35 36 37 38 39 40 41 19 30 1 42 43 66 80 188 46 22 24 25 19 26 27 1 23 22 28 29 1 23 22 30 31 19 32 33 22 30 1 34 35 36 37 38 39 40 41 19 30 1 42 43 47 66 80 188 #2793
36 24 25 19 26 27 1 23 22 28 29 1 23 22 30 31 19 32 33 22 30 1 34 35 36 37 38 39 40 41 19 30 1 42 43 66 53 54 #2795
36 24 25 19 26 27 1 23 22 28 29 1 23 22 30 31 19 32 33 22 30 1 34 35 36 37 38 39 40 41 19 30 1 42 43 16 53 54 66 #2798
36 302 66 80 188 24 25 19 26 27 1 23 22 28 29 1 23 22 30 31 19 32 33 22 30 1 34 35 36 37 38 39 40 41 19 30 1 42 43 16 53 54 66 46 22 24 25 19 26 27 1 23 22 28 29 1 23 22 30 31 19 32 33 22 30 1 34 35 36 37 38 39 40 41 19 30 1 42 43 47 16 53 54 66 #2802
34 1 2 6 80 66 24 25 19 26 27 1 23 22 28 29 1 23 22 30 31 19 32 33 22 30 1 34 35 36 37 38 39 40 41 19 30 1 42 43 16 17 66 #2815
40 1 2 6 187 66 524 186 #2816
36 24 25 19 5 31 922 656 5 33 22 19 190 150 355 183 22 19 358 150 1 21 23 41 19 150 149 1 21 43 16 53 54 66 #2822
36 19 20 1 21 22 1 23 53 54 66 #2828
34 66 357 24 25 19 26 27 1 23 22 28 29 1 23 22 30 31 19 32 33 22 30 1 34 35 36 37 38 39 40 41 19 30 1 42 43 16 17 66 46 22 24 25 19 26 27 1 23 22 28 29 1 23 22 30 31 19 32 33 22 30 1 34 35 36 37 38 39 40 41 19 30 1 42 43 47 16 17 66 #2842
36 66 603 66 315 56 837 838 162 790 59 16 53 54 66 46 22 66 603 66 315 56 837 838 162 790 59 47 16 53 54 66 #2846
36 24 25 19 26 27 1 23 22 28 29 1 23 22 30 31 19 32 33 22 30 1 34 35 36 37 38 39 40 41 19 30 1 42 43 66 15 #2847
36 24 25 19 26 27 1 23 22 28 29 1 23 22 30 31 19 32 33 22 30 1 34 35 36 37 38 39 40 41 19 30 1 42 43 66 53 54 5 15 #2852
36 24 25 19 26 27 1 23 22 28 29 1 23 22 30 31 19 32 33 22 30 1 34 35 36 37 38 39 40 41 19 30 1 42 43 66 183 #2855
36 24 25 19 26 27 1 23 22 28 29 1 23 22 30 31 19 32 33 22 30 1 34 35 36 37 38 39 40 41 19 30 1 42 43 53 54 66 318 46 22 24 25 19 26 27 1 23 22 28 29 1 23 22 30 31 19 32 33 22 30 1 34 35 36 37 38 39 40 41 19 30 1 42 43 47 53 54 66 318 #2868
37 24 25 19 26 27 1 23 22 28 29 1 23 22 30 31 19 32 33 22 30 1 34 35 36 37 38 39 40 41 19 30 1 42 43 16 53 54 188 66 #2883
36 24 25 19 26 27 1 23 22 28 29 1 23 22 30 31 19 32 33 22 30 1 34 35 36 37 38 39 40 41 19 30 1 42 43 16 551 66 #2888
34 124 69 70 24 25 19 26 27 1 23 22 28 29 1 23 22 30 31 19 32 33 22 30 1 34 35 36 37 38 39 40 41 19 30 1 42 43 17 260 57 46 22 24 25 19 26 27 1 23 22 28 29 1 23 22 30 31 19 32 33 22 30 1 34 35 36 37 38 39 40 41 19 30 1 42 43 47 17 260 57 #2894
36 24 25 19 26 27 1 23 22 28 29 1 23 22 30 31 19 32 33 22 30 1 34 35 36 37 38 39 40 41 19 30 1 42 43 66 318 15 #2907
37 19 20 1 21 22 1 23 66 227 247 249 160 246 207 66 315 6 16 53 54 46 22 19 20 1 21 22 1 23 47 66 227 247 249 160 246 207 66 315 6 16 53 54 #2911
34 1 2 6 44 302 19 20 1 21 22 1 23 53 54 260 57 46 22 19 20 1 21 22 1 23 47 53 54 260 57 #2912
37 19 20 1 21 22 1 23 66 80 188 46 22 19 20 1 21 22 1 23 47 66 80 188 #2942
34 19 20 1 21 22 1 23 17 66 260 57 46 22 19 20 1 21 22 1 23 47 17 66 260 57 #2958
34 76 260 57 19 20 1 21 22 1 23 17 260 57 #2966
36 24 25 19 26 27 1 23 22 28 29 1 23 22 30 31 19 32 33 22 30 1 34 35 36 37 38 39 40 41 19 30 1 42 43 53 54 66 46 22 24 25 19 26 27 1 23 22 28 29 1 23 22 30 31 19 32 33 22 30 1 34 35 36 37 38 39 40 41 19 30 1 42 43 47 53 54 66 #2972
37 19 20 1 21 22 1 23 53 54 46 22 19 20 1 21 22 1 23 47 53 54 #2977
37 1 2 66 247 188 24 25 19 26 27 1 23 22 28 29 1 23 22 30 31 19 32 33 22 30 1 34 35 36 37 38 39 40 41 19 30 1 42 43 66 247 188 16 53 54 61 46 22 24 25 19 26 27 1 23 22 28 29 1 23 22 30 31 19 32 33 22 30 1 34 35 36 37 38 39 40 41 19 30 1 42 43 47 66 247 188 16 53 54 61 #2991
34 80 66 24 25 19 26 27 1 23 22 28 29 1 23 22 30 31 19 32 33 22 30 1 34 35 36 37 38 39 40 41 19 30 1 42 43 17 66 #3027
34 19 20 1 21 22 1 23 17 66 46 22 19 20 1 21 22 1 23 47 17 66 #3067
38 19 20 1 21 22 1 23 16 417 #3076
37 1 2 6 111 66 315 19 20 1 21 22 1 23 66 247 188 46 22 19 20 1 21 22 1 23 47 66 247 188 #3082
38 24 25 19 26 27 1 23 22 28 29 1 23 22 30 31 19 32 33 22 30 1 34 35 36 37 38 39 40 41 19 30 1 42 43 17 66 357 46 22 24 25 19 26 27 1 23 22 28 29 1 23 22 30 31 19 32 33 22 30 1 34 35 36 37 38 39 40 41 19 30 1 42 43 47 17 66 357 #3090
36 184 374 15 24 25 19 26 27 1 23 22 28 29 1 23 22 30 31 19 32 33 22 30 1 34 35 36 37 38 39 40 41 19 30 1 42 43 53 54 66 46 22 24 25 19 26 27 1 23 22 28 29 1 23 22 30 31 19 32 33 22 30 1 34 35 36 37 38 39 40 41 19 30 1 42 43 47 53 54 66 #3100
36 24 25 19 26 27 1 23 22 28 29 1 23 22 30 31 19 32 33 22 30 1 34 35 36 37 38 39 40 41 19 30 1 42 43 66 318 15 #3111
34 24 25 19 26 27 1 23 22 28 29 1 23 22 30 31 19 32 33 22 30 1 34 35 36 37 38 39 40 41 19 30 1 42 43 16 17 66 46 22 24 25 19 26 27 1 23 22 28 29 1 23 22 30 31 19 32 33 22 30 1 34 35 36 37 38 39 40 41 19 30 1 42 43 47 16 17 66 #3117
36 66 603 66 315 56 837 838 162 790 59 16 53 54 66 #3126
37 24 25 19 26 27 1 23 22 28 29 1 23 22 30 31 19 32 33 22 30 1 34 35 36 37 38 39 40 41 19 30 1 42 43 66 188 #3128
34 1 2 6 275 260 57 19 20 1 21 22 1 23 16 17 260 57 46 22 19 20 1 21 22 1 23 47 16 17 260 57 #3185
36 24 25 19 26 27 1 23 22 28 29 1 23 22 30 31 19 32 33 22 30 1 34 35 36 37 38 39 40 41 19 30 1 42 43 551 66 46 22 24 25 19 26 27 1 23 22 28 29 1 23 22 30 31 19 32 33 22 30 1 34 35 36 37 38 39 40 41 19 30 1 42 43 47 551 66 #3190
36 19 20 1 21 22 1 23 66 1245 #3206
36 1 2 6 66 318 15 19 20 1 21 22 1 23 53 54 55 18 6 66 318 15 46 22 19 20 1 21 22 1 23 47 53 54 55 18 6 66 318 15 #3227
34 19 20 1 21 22 1 23 16 17 66 #3228
34 1 2 6 16 149 66 #3238
37 1 2 6 90 69 70 66 603 66 315 56 837 838 162 790 59 120 188 46 22 66 603 66 315 56 837 838 162 790 59 47 120 188 #3273
39 1 2 6 19 371 69 70 6 66 1262 1263 1233 135 631 1264 #3275
39 1 2 6 19 371 69 70 6 66 1262 1263 1233 1167 98 631 1264 #3276
36 1 2 6 66 5 394 395 396 6 68 69 70 6 608 70 46 22 66 32 22 5 247 42 355 36 1266 518 66 5 394 395 396 #3292
36 1 2 3 19 371 69 70 6 66 5 31 1221 5 1267 856 12 1268 6 485 570 66 5 #3296
36 1 2 66 1159 46 22 24 25 19 26 27 1 23 22 28 29 1 23 22 30 31 19 32 33 22 30 1 34 35 36 37 38 39 40 41 19 30 1 42 43 518 66 275 1159 #3297
39 1 2 6 66 631 1281 6 135 85 68 438 6 2 614 153 236 46 22 19 371 613 69 614 518 438 77 70 #3326
39 1 2 66 247 377 296 24 25 19 26 27 1 23 22 28 29 1 23 22 30 31 19 32 33 22 30 1 34 35 36 37 38 39 40 41 19 30 1 42 43 66 1022 296 377 46 22 24 25 19 26 27 1 23 22 28 29 1 23 22 30 31 19 32 33 22 30 1 34 35 36 37 38 39 40 41 19 30 1 42 43 47 17 66 #3374
39 1 2 66 396 631 90 69 70 #3447
36 24 25 19 26 27 1 23 22 28 29 1 23 22 30 31 19 32 33 22 30 1 34 35 36 37 38 39 40 41 19 30 1 42 43 66 462 1328 31 58 418 33 6 234 1281 #3537
36 24 25 19 26 27 1 23 22 28 29 1 23 22 30 31 19 32 33 22 30 1 34 35 36 37 38 39 40 41 19 30 1 42 43 44 66 46 22 24 25 19 26 27 1 23 22 28 29 1 23 22 30 31 19 32 33 22 30 1 34 35 36 37 38 39 40 41 19 30 1 42 43 47 44 66 #3541
34 24 25 19 26 27 1 23 22 28 29 1 23 22 30 31 19 32 33 22 30 1 34 35 36 37 38 39 40 41 19 30 1 42 43 17 66 46 22 24 25 19 26 27 1 23 22 28 29 1 23 22 30 31 19 32 33 22 30 1 34 35 36 37 38 39 40 41 19 30 1 42 43 47 17 66 #3551
38 24 25 19 26 27 1 23 22 28 29 1 23 22 30 31 19 32 33 22 30 1 34 35 36 37 38 39 40 41 19 30 1 42 43 17 66 357 46 22 24 25 19 26 27 1 23 22 28 29 1 23 22 30 31 19 32 33 22 30 1 34 35 36 37 38 39 40 41 19 30 1 42 43 47 17 66 357 #3565
34 1 2 6 260 57 1 301 19 20 1 21 22 1 23 53 54 260 57 46 22 19 20 1 21 22 1 23 47 53 54 260 57 #3601
34 124 69 70 24 25 19 26 27 1 23 22 28 29 1 23 22 30 31 19 32 33 22 30 1 34 35 36 37 38 39 40 41 19 30 1 42 43 370 66 848 46 22 24 25 19 26 27 1 23 22 28 29 1 23 22 30 31 19 32 33 22 30 1 34 35 36 37 38 39 40 41 19 30 1 42 43 47 53 1344 66 848 #3606
38 24 25 19 26 27 1 23 22 28 29 1 23 22 30 31 19 32 33 22 30 1 34 35 36 37 38 39 40 41 19 30 1 42 43 66 247 357 #3641
36 24 25 19 26 27 1 23 22 28 29 1 23 22 30 31 19 32 33 22 30 1 34 35 36 37 38 39 40 41 19 30 1 42 43 318 15 46 22 24 25 19 26 27 1 23 22 28 29 1 23 22 30 31 19 32 33 22 30 1 34 35 36 37 38 39 40 41 19 30 1 42 43 47 318 15 #3651
38 24 25 19 26 27 1 23 22 28 29 1 23 22 30 31 19 32 33 22 30 1 34 35 36 37 38 39 40 41 19 30 1 42 43 80 66 357 #3654
36 1 2 16 552 66 1350 296 6 90 69 70 24 25 19 26 27 1 23 22 28 29 1 23 22 30 31 19 32 33 22 30 1 34 35 36 37 38 39 40 41 19 30 1 42 43 53 54 66 74 46 22 24 25 19 26 27 1 23 22 28 29 1 23 22 30 31 19 32 33 22 30 1 34 35 36 37 38 39 40 41 19 30 1 42 43 47 53 54 66 74 #3655
40 1 2 16 66 1350 296 46 22 24 25 19 26 27 1 23 22 28 29 1 23 22 30 31 19 32 33 22 30 1 34 35 36 37 38 39 40 41 19 30 1 42 43 47 17 #3658
38 19 20 1 21 22 1 23 66 417 30 484 485 78 85 66 6 16 44 319 18 46 22 19 20 1 21 22 1 23 47 66 417 30 484 485 78 85 66 6 16 44 319 18 #3668
34 24 25 19 26 27 1 23 22 28 29 1 23 22 30 31 19 32 33 22 30 1 34 35 36 37 38 39 40 41 19 30 1 42 43 76 66 46 22 24 25 19 26 27 1 23 22 28 29 1 23 22 30 31 19 32 33 22 30 1 34 35 36 37 38 39 40 41 19 30 1 42 43 47 76 66 #3681
36 66 603 66 315 56 837 838 162 790 59 16 53 54 66 6 247 188 46 22 66 603 66 315 56 837 838 162 790 59 47 16 53 54 66 6 247 188 #3686
36 66 31 63 405 294 6 31 68 136 6 1355 162 6 1356 70 61 #3711
37 24 25 19 26 27 1 23 22 28 29 1 23 22 30 31 19 32 33 22 30 1 34 35 36 37 38 39 40 41 19 30 1 42 43 66 188 46 22 24 25 19 26 27 1 23 22 28 29 1 23 22 30 31 19 32 33 22 30 1 34 35 36 37 38 39 40 41 19 30 1 42 43 47 66 188 #3712
36 1 2 6 66 318 15 46 22 19 20 1 21 22 1 23 47 551 66 #3714
37 24 25 19 26 27 1 23 22 28 29 1 23 22 30 31 19 32 33 22 30 1 34 35 36 37 38 39 40 41 19 30 1 42 43 66 247 188 46 22 24 25 19 26 27 1 23 22 28 29 1 23 22 30 31 19 32 33 22 30 1 34 35 36 37 38 39 40 41 19 30 1 42 43 47 66 247 188 #3718
34 76 260 57 24 25 19 26 27 1 23 22 28 29 1 23 22 30 31 19 32 33 22 30 1 34 35 36 37 38 39 40 41 19 30 1 42 43 16 17 260 57 46 22 24 25 19 26 27 1 23 22 28 29 1 23 22 30 31 19 32 33 22 30 1 34 35 36 37 38 39 40 41 19 30 1 42 43 47 16 17 260 57 #3722
36 1 2 6 16 49 19 5 19 20 1 21 22 1 23 454 697 5 15 46 22 19 20 1 21 22 1 23 47 454 697 5 15 #3745
34 19 20 1 21 22 1 23 17 66 #3751
36 19 20 1 21 22 1 23 66 318 15 6 16 153 397 46 22 19 20 1 21 22 1 23 47 66 318 15 6 16 153 397 #3761
34 1 2 6 17 301 207 260 57 61 19 20 1 21 22 1 23 17 5 98 662 1364 663 207 260 57 46 22 19 20 1 21 22 1 23 47 17 5 98 662 1364 663 207 260 57 #3788
34 19 20 1 21 22 1 23 17 66 #3819
38 24 25 19 26 27 1 23 22 28 29 1 23 22 30 31 19 32 33 22 30 1 34 35 36 37 38 39 40 41 19 30 1 42 43 66 856 1293 76 357 #3835
36 24 25 19 26 27 1 23 22 28 29 1 23 22 30 31 19 32 33 22 30 1 34 35 36 37 38 39 40 41 19 30 1 42 43 53 54 66 5 15 #3837
34 24 25 19 26 27 1 23 22 28 29 1 23 22 30 31 19 32 33 22 30 1 34 35 36 37 38 39 40 41 19 30 1 42 43 16 17 66 #3838
38 124 69 70 24 25 19 26 27 1 23 22 28 29 1 23 22 30 31 19 32 33 22 30 1 34 35 36 37 38 39 40 41 19 30 1 42 43 80 66 357 46 22 24 25 19 26 27 1 23 22 28 29 1 23 22 30 31 19 32 33 22 30 1 34 35 36 37 38 39 40 41 19 30 1 42 43 47 80 66 357 #3839
36 124 69 70 19 20 1 21 22 1 23 53 54 66 46 22 19 20 1 21 22 1 23 47 53 54 66 #3845
34 24 25 19 26 27 1 23 22 28 29 1 23 22 30 31 19 32 33 22 30 1 34 35 36 37 38 39 40 41 19 30 1 42 43 17 66 46 22 24 25 19 26 27 1 23 22 28 29 1 23 22 30 31 19 32 33 22 30 1 34 35 36 37 38 39 40 41 19 30 1 42 43 47 17 66 #3871
36 24 25 19 26 27 1 23 22 28 29 1 23 22 30 31 19 32 33 22 30 1 34 35 36 37 38 39 40 41 19 30 1 42 43 53 54 66 318 46 22 24 25 19 26 27 1 23 22 28 29 1 23 22 30 31 19 32 33 22 30 1 34 35 36 37 38 39 40 41 19 30 1 42 43 47 53 54 66 318 #3901
34 24 25 19 26 27 1 23 22 28 29 1 23 22 30 31 19 32 33 22 30 1 34 35 36 37 38 39 40 41 19 30 1 42 43 16 17 66 46 22 24 25 19 26 27 1 23 22 28 29 1 23 22 30 31 19 32 33 22 30 1 34 35 36 37 38 39 40 41 19 30 1 42 43 47 16 17 66 #3920
38 1 2 6 66 247 357 24 25 19 26 27 1 23 22 28 29 1 23 22 30 31 19 32 33 22 30 1 34 35 36 37 38 39 40 41 19 30 1 42 43 16 17 66 357 46 22 24 25 19 26 27 1 23 22 28 29 1 23 22 30 31 19 32 33 22 30 1 34 35 36 37 38 39 40 41 19 30 1 42 43 47 16 17 66 357 #3927
36 66 603 66 315 56 837 838 162 790 59 16 53 54 66 #3930
37 66 175 15 24 25 19 26 27 1 23 22 28 29 1 23 22 30 31 19 32 33 22 30 1 34 35 36 37 38 39 40 41 19 30 1 42 43 1380 66 315 46 22 24 25 19 26 27 1 23 22 28 29 1 23 22 30 31 19 32 33 22 30 1 34 35 36 37 38 39 40 41 19 30 1 42 43 47 1380 66 315 #3953
37 24 25 19 26 27 1 23 22 28 29 1 23 22 30 31 19 32 33 22 30 1 34 35 36 37 38 39 40 41 19 30 1 42 43 16 53 54 6 66 315 603 61 46 22 24 25 19 26 27 1 23 22 28 29 1 23 22 30 31 19 32 33 22 30 1 34 35 36 37 38 39 40 41 19 30 1 42 43 47 16 53 54 6 66 315 603 61 #3968
37 66 315 24 25 19 26 27 1 23 22 28 29 1 23 22 30 31 19 32 33 22 30 1 34 35 36 37 38 39 40 41 19 30 1 42 43 66 247 188 46 22 24 25 19 26 27 1 23 22 28 29 1 23 22 30 31 19 32 33 22 30 1 34 35 36 37 38 39 40 41 19 30 1 42 43 47 66 247 188 #4035
34 19 20 1 21 22 1 23 153 17 66 156 46 22 19 20 1 21 22 1 23 47 153 17 66 156 #4038
38 19 20 1 21 22 1 23 80 66 417 #4068
37 24 25 66 32 1 23 22 748 22 749 36 188 1 750 22 67 15 41 66 1 751 43 16 53 54 593 6 66 175 15 46 22 24 25 66 32 1 23 22 748 22 749 36 188 1 750 22 67 15 41 66 1 751 43 47 16 53 54 593 6 66 175 15 #4091
38 19 20 1 21 22 1 23 66 247 357 46 22 19 20 1 21 22 1 23 47 66 247 357 #4094
34 24 25 19 26 27 1 23 22 28 29 1 23 22 30 31 19 32 33 22 30 1 34 35 36 37 38 39 40 41 19 30 1 42 43 80 66 #4106
36 1 2 6 66 247 1421 6 16 1422 73 100 48 24 25 19 26 27 1 23 22 28 29 1 23 22 30 31 19 32 33 22 30 1 34 35 36 37 38 39 40 41 19 30 1 42 43 53 54 66 46 22 24 25 19 26 27 1 23 22 28 29 1 23 22 30 31 19 32 33 22 30 1 34 35 36 37 38 39 40 41 19 30 1 42 43 47 53 54 66 #4196
40 370 16 1263 #4207
40 1 2 6 66 1159 15 24 25 19 26 27 1 23 22 28 29 1 23 22 30 31 19 32 33 22 30 1 34 35 36 37 38 39 40 41 19 30 1 42 43 66 631 6 234 153 154 46 22 24 25 19 26 27 1 23 22 28 29 1 23 22 30 31 19 32 33 22 30 1 34 35 36 37 38 39 40 41 19 30 1 42 43 47 66 631 6 234 153 154 #4247
37 24 25 19 26 27 1 23 22 28 29 1 23 22 30 31 19 32 33 22 30 1 34 35 36 37 38 39 40 41 19 30 1 42 43 66 315 #4264
36 1 2 518 66 180 183 518 1472 1473 #4332
36 1 2 6 284 207 180 31 66 180 1 203 61 #4384
36 66 394 395 396 6 234 153 397 66 236 301 238 6 135 85 68 438 6 153 236 61 46 22 19 371 613 69 614 518 667 66 61 #4465
36 664 207 66 6 19 441 15 #4539
34 24 25 19 26 27 1 23 22 28 29 1 23 22 30 31 19 32 33 22 30 1 34 35 36 37 38 39 40 41 19 30 1 42 43 17 66 #4606
34 19 20 1 21 22 1 23 17 66 46 22 19 20 1 21 22 1 23 47 17 66 #4616
36 24 25 19 26 27 1 23 22 28 29 1 23 22 30 31 19 32 33 22 30 1 34 35 36 37 38 39 40 41 19 30 1 42 43 66 32 15 46 22 24 25 19 26 27 1 23 22 28 29 1 23 22 30 31 19 32 33 22 30 1 34 35 36 37 38 39 40 41 19 30 1 42 43 47 66 32 15 #4684
34 24 25 19 26 27 1 23 22 28 29 1 23 22 30 31 19 32 33 22 30 1 34 35 36 37 38 39 40 41 19 30 1 42 43 17 66 46 22 24 25 19 26 27 1 23 22 28 29 1 23 22 30 31 19 32 33 22 30 1 34 35 36 37 38 39 40 41 19 30 1 42 43 47 17 66 #4686
36 24 25 19 26 27 1 23 22 28 29 1 23 22 30 31 19 32 33 22 30 1 34 35 36 37 38 39 40 41 19 30 1 42 43 66 15 6 53 54 #4697
34 24 25 19 26 27 1 23 22 28 29 1 23 22 30 31 19 32 33 22 30 1 34 35 36 37 38 39 40 41 19 30 1 42 43 17 260 57 46 22 24 25 19 26 27 1 23 22 28 29 1 23 22 30 31 19 32 33 22 30 1 34 35 36 37 38 39 40 41 19 30 1 42 43 47 17 260 57 #4702
36 1 2 6 90 69 70 24 25 19 26 27 1 23 22 28 29 1 23 22 30 31 19 32 33 22 30 1 34 35 36 37 38 39 40 41 19 30 1 42 43 53 54 66 #4706
36 1 2 313 238 76 190 453 66 1 294 89 24 25 19 26 27 1 23 22 28 29 1 23 22 30 31 19 32 33 22 30 1 34 35 36 37 38 39 40 41 19 30 1 42 43 53 54 66 #4711
37 1 2 370 16 80 188 24 25 19 26 27 1 23 22 28 29 1 23 22 30 31 19 32 33 22 30 1 34 35 36 37 38 39 40 41 19 30 1 42 43 66 247 188 46 22 24 25 19 26 27 1 23 22 28 29 1 23 22 30 31 19 32 33 22 30 1 34 35 36 37 38 39 40 41 19 30 1 42 43 47 66 247 188 #4722
37 66 176 66 315 24 25 19 26 27 1 23 22 28 29 1 23 22 30 31 19 32 33 22 30 1 34 35 36 37 38 39 40 41 19 30 1 42 43 16 830 66 315 #4740
38 76 66 357 24 25 19 26 27 1 23 22 28 29 1 23 22 30 31 19 32 33 22 30 1 34 35 36 37 38 39 40 41 19 30 1 42 43 81 66 417 #4741
37 19 20 1 21 22 1 23 830 66 315 #4743
34 24 25 19 26 27 1 23 22 28 29 1 23 22 30 31 19 32 33 22 30 1 34 35 36 37 38 39 40 41 19 30 1 42 43 44 72 172 74 18 6 248 17 66 46 22 24 25 19 26 27 1 23 22 28 29 1 23 22 30 31 19 32 33 22 30 1 34 35 36 37 38 39 40 41 19 30 1 42 43 47 44 72 172 74 18 6 248 17 66 #4758
34 19 20 1 21 22 1 23 17 260 57 46 22 19 20 1 21 22 1 23 47 17 260 57 #4762
38 19 20 1 21 22 1 23 66 417 46 22 19 20 1 21 22 1 23 47 66 417 #4765
37 66 176 66 315 24 25 19 26 27 1 23 22 28 29 1 23 22 30 31 19 32 33 22 30 1 34 35 36 37 38 39 40 41 19 30 1 42 43 176 66 315 46 22 24 25 19 26 27 1 23 22 28 29 1 23 22 30 31 19 32 33 22 30 1 34 35 36 37 38 39 40 41 19 30 1 42 43 47 176 66 315 #4770
34 1 2 313 238 66 5 31 19 5 15 19 20 1 21 22 1 23 66 5 406 #4789
34 24 25 19 26 27 1 23 22 28 29 1 23 22 30 31 19 32 33 22 30 1 34 35 36 37 38 39 40 41 19 30 1 42 43 17 66 #4809
36 66 603 66 315 56 837 838 162 790 59 16 53 54 66 46 22 66 603 66 315 56 837 838 162 790 59 47 16 53 54 66 #4829
38 19 20 1 21 22 1 23 80 66 417 #4837
36 72 73 539 238 66 175 15 19 20 1 21 22 1 23 53 54 66 #4851
36 24 25 654 922 31 654 93 358 22 460 210 31 18 210 41 1 294 207 43 593 66 16 123 46 22 24 25 654 922 31 654 93 358 22 460 210 31 18 210 41 1 294 207 43 47 593 66 16 123 #4856
34 19 20 1 21 22 1 23 17 260 57 46 22 19 20 1 21 22 1 23 47 17 260 57 #4868
37 275 66 175 24 25 66 32 1 23 22 748 22 749 36 188 1 750 22 67 15 41 66 1 751 43 66 1569 46 22 24 25 66 32 1 23 22 748 22 749 36 188 1 750 22 67 15 41 66 1 751 43 47 66 1569 #4879
36 19 20 1 21 22 1 23 318 15 46 22 19 20 1 21 22 1 23 47 318 15 #4888
36 24 25 19 26 27 1 23 22 28 29 1 23 22 30 31 19 32 33 22 30 1 34 35 36 37 38 39 40 41 19 30 1 42 43 53 54 66 74 6 154 480 46 22 24 25 19 26 27 1 23 22 28 29 1 23 22 30 31 19 32 33 22 30 1 34 35 36 37 38 39 40 41 19 30 1 42 43 47 53 54 66 74 6 154 480 #4896
37 76 66 175 24 25 19 26 27 1 23 22 28 29 1 23 22 30 31 19 32 33 22 30 1 34 35 36 37 38 39 40 41 19 30 1 42 43 66 80 188 46 22 24 25 19 26 27 1 23 22 28 29 1 23 22 30 31 19 32 33 22 30 1 34 35 36 37 38 39 40 41 19 30 1 42 43 47 66 80 188 #4909
34 1 2 6 17 66 19 20 1 21 22 1 23 16 17 66 46 22 19 20 1 21 22 1 23 47 16 17 66 #4991
34 24 25 19 26 27 1 23 22 28 29 1 23 22 30 31 19 32 33 22 30 1 34 35 36 37 38 39 40 41 19 30 1 42 43 17 66 46 22 24 25 19 26 27 1 23 22 28 29 1 23 22 30 31 19 32 33 22 30 1 34 35 36 37 38 39 40 41 19 30 1 42 43 47 17 66 #4996
38 24 25 19 26 27 1 23 22 28 29 1 23 22 30 31 19 32 33 22 30 1 34 35 36 37 38 39 40 41 19 30 1 42 43 66 357 46 22 24 25 19 26 27 1 23 22 28 29 1 23 22 30 31 19 32 33 22 30 1 34 35 36 37 38 39 40 41 19 30 1 42 43 47 66 357 #5016
34 24 25 19 26 27 1 23 22 28 29 1 23 22 30 31 19 32 33 22 30 1 34 35 36 37 38 39 40 41 19 30 1 42 43 80 260 57 #5026
34 24 25 19 26 27 1 23 22 28 29 1 23 22 30 31 19 32 33 22 30 1 34 35 36 37 38 39 40 41 19 30 1 42 43 80 66 #5028
37 124 69 70 24 25 19 26 27 1 23 22 28 29 1 23 22 30 31 19 32 33 22 30 1 34 35 36 37 38 39 40 41 19 30 1 42 43 66 188 46 22 24 25 19 26 27 1 23 22 28 29 1 23 22 30 31 19 32 33 22 30 1 34 35 36 37 38 39 40 41 19 30 1 42 43 47 66 188 #5030
38 24 25 19 26 27 1 23 22 28 29 1 23 22 30 31 19 32 33 22 30 1 34 35 36 37 38 39 40 41 19 30 1 42 43 66 247 357 46 22 24 25 19 26 27 1 23 22 28 29 1 23 22 30 31 19 32 33 22 30 1 34 35 36 37 38 39 40 41 19 30 1 42 43 47 66 247 357 #5043
37 24 25 19 26 27 1 23 22 28 29 1 23 22 30 31 19 32 33 22 30 1 34 35 36 37 38 39 40 41 19 30 1 42 43 66 247 188 #5044
36 24 25 19 26 27 1 23 22 28 29 1 23 22 30 31 19 32 33 22 30 1 34 35 36 37 38 39 40 41 19 30 1 42 43 66 1280 6 16 53 54 46 22 24 25 19 26 27 1 23 22 28 29 1 23 22 30 31 19 32 33 22 30 1 34 35 36 37 38 39 40 41 19 30 1 42 43 47 66 1280 6 16 53 54 #5059
37 24 25 19 26 27 1 23 22 28 29 1 23 22 30 31 19 32 33 22 30 1 34 35 36 37 38 39 40 41 19 30 1 42 43 66 175 #5075
36 24 25 19 26 27 1 23 22 28 29 1 23 22 30 31 19 32 33 22 30 1 34 35 36 37 38 39 40 41 19 30 1 42 43 66 318 15 #5109
38 19 20 1 21 22 1 23 17 66 357 46 22 19 20 1 21 22 1 23 47 17 66 357 #5120
36 19 20 1 21 22 1 23 53 54 66 46 22 19 20 1 21 22 1 23 47 53 54 66 #5136
36 1594 664 1595 507 1424 310 6 16 106 454 22 35 159 318 19 20 1 21 22 1 23 16 17 21 207 35 159 85 66 46 22 19 20 1 21 22 1 23 47 16 17 21 207 35 159 85 66 #5142
36 24 25 19 26 27 1 23 22 28 29 1 23 22 30 31 19 32 33 22 30 1 34 35 36 37 38 39 40 41 19 30 1 42 43 53 54 66 318 46 22 24 25 19 26 27 1 23 22 28 29 1 23 22 30 31 19 32 33 22 30 1 34 35 36 37 38 39 40 41 19 30 1 42 43 47 53 54 66 318 #5163
36 1 2 3 66 1041 79 106 497 19 20 1 21 22 1 23 53 54 66 46 22 19 20 1 21 22 1 23 47 53 54 66 #5175
36 124 69 70 19 20 1 21 22 1 23 66 318 15 46 22 19 20 1 21 22 1 23 47 66 318 15 #5179
34 19 20 1 21 22 1 23 17 66 85 35 159 46 22 19 20 1 21 22 1 23 47 17 66 85 35 159 #5209
36 19 20 1 21 22 1 23 1 2 6 53 54 66 85 35 159 6 318 15 46 22 19 20 1 21 22 1 23 47 1 2 6 53 54 66 85 35 159 6 318 15 #5227
36 19 20 1 21 22 1 23 35 159 318 15 66 318 15 46 22 19 20 1 21 22 1 23 47 35 159 318 15 66 318 15 #5236
36 24 25 19 26 27 1 23 22 28 29 1 23 22 30 31 19 32 33 22 30 1 34 35 36 37 38 39 40 41 19 30 1 42 43 16 53 54 66 211 89 46 22 24 25 19 26 27 1 23 22 28 29 1 23 22 30 31 19 32 33 22 30 1 34 35 36 37 38 39 40 41 19 30 1 42 43 47 16 53 54 66 211 89 #5255
40 73 100 66 16 623 1612 236 #5284
34 1 2 177 66 #5411
36 66 180 31 284 180 1 294 6 1075 438 637 614 46 22 66 67 15 518 180 15 #5453
36 1 2 6 66 180 15 6 135 31 68 438 6 608 70 46 22 66 67 15 518 180 15 #5459
36 1 2 6 296 180 31 66 180 1 294 6 135 31 230 106 637 70 61 46 22 66 67 15 518 180 15 #5463
36 66 318 15 #5498
36 1 2 6 66 588 417 12 1101 6 610 1650 6 135 31 68 438 6 608 70 46 22 19 5 31 698 296 284 5 1 294 518 66 12 1101 6 610 1256 6 438 77 70 #5501
36 66 318 15 6 1075 438 637 614 46 22 19 371 613 69 614 518 66 318 183 6 1651 1652 1340 61 #5514
36 2 6 283 284 85 66 180 1 294 6 19 371 69 70 46 22 19 371 613 69 614 518 66 207 180 31 284 1 140 61 #5534
40 1 2 6 66 1655 631 #5539
37 19 20 1 21 22 1 23 80 66 188 #5566
36 24 25 19 26 27 1 23 22 28 29 1 23 22 30 31 19 32 33 22 30 1 34 35 36 37 38 39 40 41 19 30 1 42 43 66 318 15 46 22 24 25 19 26 27 1 23 22 28 29 1 23 22 30 31 19 32 33 22 30 1 34 35 36 37 38 39 40 41 19 30 1 42 43 47 66 318 15 #5575
34 24 25 19 26 27 1 23 22 28 29 1 23 22 30 31 19 32 33 22 30 1 34 35 36 37 38 39 40 41 19 30 1 42 43 17 260 57 #5578
34 19 20 1 21 22 1 23 17 66 #5610
36 24 25 19 26 27 1 23 22 28 29 1 23 22 30 31 19 32 33 22 30 1 34 35 36 37 38 39 40 41 19 30 1 42 43 53 54 66 46 22 24 25 19 26 27 1 23 22 28 29 1 23 22 30 31 19 32 33 22 30 1 34 35 36 37 38 39 40 41 19 30 1 42 43 47 53 54 66 #5629
38 24 25 19 26 27 1 23 22 28 29 1 23 22 30 31 19 32 33 22 30 1 34 35 36 37 38 39 40 41 19 30 1 42 43 66 247 357 #5659
38 76 66 417 150 24 25 19 26 27 1 23 22 28 29 1 23 22 30 31 19 32 33 22 30 1 34 35 36 37 38 39 40 41 19 30 1 42 43 81 66 417 150 46 22 24 25 19 26 27 1 23 22 28 29 1 23 22 30 31 19 32 33 22 30 1 34 35 36 37 38 39 40 41 19 30 1 42 43 47 81 66 417 150 #5679
36 24 25 19 26 27 1 23 22 28 29 1 23 22 30 31 19 32 33 22 30 1 34 35 36 37 38 39 40 41 19 30 1 42 43 53 54 66 46 22 24 25 19 26 27 1 23 22 28 29 1 23 22 30 31 19 32 33 22 30 1 34 35 36 37 38 39 40 41 19 30 1 42 43 47 53 54 66 #5691
36 24 25 19 26 27 1 23 22 28 29 1 23 22 30 31 19 32 33 22 30 1 34 35 36 37 38 39 40 41 19 30 1 42 43 53 54 66 46 22 24 25 19 26 27 1 23 22 28 29 1 23 22 30 31 19 32 33 22 30 1 34 35 36 37 38 39 40 41 19 30 1 42 43 47 53 54 66 #5692
36 24 25 19 26 27 1 23 22 28 29 1 23 22 30 31 19 32 33 22 30 1 34 35 36 37 38 39 40 41 19 30 1 42 43 318 15 46 22 24 25 19 26 27 1 23 22 28 29 1 23 22 30 31 19 32 33 22 30 1 34 35 36 37 38 39 40 41 19 30 1 42 43 47 318 15 #5706
37 238 72 199 1663 188 24 25 19 26 27 1 23 22 28 29 1 23 22 30 31 19 32 33 22 30 1 34 35 36 37 38 39 40 41 19 30 1 42 43 66 247 188 #5716
37 1 2 965 966 190 1666 15 19 20 1 21 22 1 23 66 175 15 #5741
36 124 69 70 19 20 1 21 22 1 23 318 15 #5748
38 24 25 19 26 27 1 23 22 28 29 1 23 22 30 31 19 32 33 22 30 1 34 35 36 37 38 39 40 41 19 30 1 42 43 66 247 357 46 22 24 25 19 26 27 1 23 22 28 29 1 23 22 30 31 19 32 33 22 30 1 34 35 36 37 38 39 40 41 19 30 1 42 43 47 66 247 357 #5793
38 19 20 1 21 22 1 23 66 417 46 22 19 20 1 21 22 1 23 47 66 417 #5802
34 24 25 19 26 27 1 23 22 28 29 1 23 22 30 31 19 32 33 22 30 1 34 35 36 37 38 39 40 41 19 30 1 42 43 17 66 46 22 24 25 19 26 27 1 23 22 28 29 1 23 22 30 31 19 32 33 22 30 1 34 35 36 37 38 39 40 41 19 30 1 42 43 47 17 66 #5818
36 24 25 19 26 27 1 23 22 28 29 1 23 22 30 31 19 32 33 22 30 1 34 35 36 37 38 39 40 41 19 30 1 42 43 53 54 66 46 22 24 25 19 26 27 1 23 22 28 29 1 23 22 30 31 19 32 33 22 30 1 34 35 36 37 38 39 40 41 19 30 1 42 43 47 53 54 66 #5839
37 66 247 188 24 25 19 26 27 1 23 22 28 29 1 23 22 30 31 19 32 33 22 30 1 34 35 36 37 38 39 40 41 19 30 1 42 43 66 247 188 6 16 17 46 22 24 25 19 26 27 1 23 22 28 29 1 23 22 30 31 19 32 33 22 30 1 34 35 36 37 38 39 40 41 19 30 1 42 43 47 66 247 188 6 16 17 #5856
36 19 20 1 21 22 1 23 53 54 66 417 46 22 19 20 1 21 22 1 23 47 53 54 66 417 #5859
34 19 20 1 21 22 1 23 80 66 46 22 19 20 1 21 22 1 23 47 80 66 #5866
38 1 2 6 66 247 357 19 20 1 21 22 1 23 53 54 66 247 357 46 22 19 20 1 21 22 1 23 47 53 54 66 247 357 #5876
36 19 20 1 21 22 1 23 876 877 186 15 #5884
36 66 603 66 315 56 837 838 162 790 59 16 53 54 66 46 22 66 603 66 315 56 837 838 162 790 59 47 16 53 54 66 #5902
34 66 5 31 351 5 1 294 24 25 19 26 27 1 23 22 28 29 1 23 22 30 31 19 32 33 22 30 1 34 35 36 37 38 39 40 41 19 30 1 42 43 17 66 46 22 24 25 19 26 27 1 23 22 28 29 1 23 22 30 31 19 32 33 22 30 1 34 35 36 37 38 39 40 41 19 30 1 42 43 47 17 66 #5928
34 19 20 1 21 22 1 23 16 17 23 1678 207 260 57 46 22 19 20 1 21 22 1 23 47 16 17 23 1678 207 260 57 #5938
36 66 603 66 315 56 837 838 162 790 59 16 53 54 66 46 22 66 603 66 315 56 837 838 162 790 59 47 16 53 54 66 #5951
37 66 1569 19 20 1 21 22 1 23 66 247 188 46 22 19 20 1 21 22 1 23 47 66 247 188 #6000
34 1 2 3 80 260 57 19 20 1 21 22 1 23 17 260 57 46 22 19 20 1 21 22 1 23 47 17 260 57 #6013
36 26 152 333 218 31 256 1 294 19 20 1 21 22 1 23 66 31 26 152 374 1 294 46 22 19 20 1 21 22 1 23 47 66 31 26 152 374 1 294 #6057
36 24 25 19 26 27 1 23 22 28 29 1 23 22 30 31 19 32 33 22 30 1 34 35 36 37 38 39 40 41 19 30 1 42 43 318 15 46 22 24 25 19 26 27 1 23 22 28 29 1 23 22 30 31 19 32 33 22 30 1 34 35 36 37 38 39 40 41 19 30 1 42 43 47 318 15 #6085
36 24 25 19 26 27 1 23 22 28 29 1 23 22 30 31 19 32 33 22 30 1 34 35 36 37 38 39 40 41 19 30 1 42 43 66 318 15 #6118
38 24 25 19 26 27 1 23 22 28 29 1 23 22 30 31 19 32 33 22 30 1 34 35 36 37 38 39 40 41 19 30 1 42 43 17 66 417 46 22 24 25 19 26 27 1 23 22 28 29 1 23 22 30 31 19 32 33 22 30 1 34 35 36 37 38 39 40 41 19 30 1 42 43 47 17 66 417 #6166
36 1 2 6 124 69 70 24 25 19 26 27 1 23 22 28 29 1 23 22 30 31 19 32 33 22 30 1 34 35 36 37 38 39 40 41 19 30 1 42 43 90 69 53 54 66 46 22 24 25 19 26 27 1 23 22 28 29 1 23 22 30 31 19 32 33 22 30 1 34 35 36 37 38 39 40 41 19 30 1 42 43 47 90 69 53 54 66 #6248
37 24 25 19 26 27 1 23 22 28 29 1 23 22 30 31 19 32 33 22 30 1 34 35 36 37 38 39 40 41 19 30 1 42 43 66 188 #6254
36 124 69 70 19 20 1 21 22 1 23 551 66 6 80 876 877 186 #6278
36 66 318 15 6 1472 279 662 871 872 813 90 663 6 1075 438 637 614 46 22 19 371 613 69 614 518 66 318 15 6 1475 667 66 61 #6438
36 66 31 284 1739 1740 440 6 296 417 1741 6 1075 438 70 #6480
36 1 2 90 69 70 24 25 19 26 27 1 23 22 28 29 1 23 22 30 31 19 32 33 22 30 1 34 35 36 37 38 39 40 41 19 30 1 42 43 53 54 66 46 22 24 25 19 26 27 1 23 22 28 29 1 23 22 30 31 19 32 33 22 30 1 34 35 36 37 38 39 40 41 19 30 1 42 43 47 53 54 66 #6493
36 66 218 85 333 218 1 203 6 70 68 #6504
36 1 2 6 66 180 15 #6507
36 1 2 518 370 180 183 6 31 19 371 438 6 153 454 46 22 66 603 66 315 56 837 838 162 790 59 518 66 180 11 1403 61 #6537
36 66 318 15 6 234 153 397 6 135 85 68 438 6 1356 631 153 236 61 46 22 19 371 613 69 614 518 66 318 15 6 1281 61 #6543
36 1 2 6 66 664 318 15 6 135 31 68 438 6 608 70 46 22 19 371 613 69 614 518 664 66 318 135 310 6 234 1281 61 #6546
40 1 2 6 66 1655 631 #6628
36 2 6 63 152 631 6 31 19 371 1765 70 68 66 32 22 5 247 42 355 36 1266 66 32 490 1766 462 6 16 397 21 207 1760 46 22 19 371 613 69 614 518 66 15 6 63 152 631 61 #6651
40 1 2 370 #6661
36 1 2 6 66 180 15 6 651 397 180 98 1771 207 66 61 135 31 68 106 637 70 6 153 66 77 236 19 61 46 22 19 371 613 69 614 518 153 454 61 #6668
40 1 2 6 16 268 370 150 #6669
36 1 2 6 66 774 15 #6821
34 1 2 6 247 149 260 57 6 610 767 61 135 31 230 106 637 70 61 46 22 19 371 613 69 614 518 275 66 260 57 6 610 572 61 #6869
40 1 2 6 697 554 24 25 19 26 27 1 23 22 28 29 1 23 22 30 31 19 32 33 22 30 1 34 35 36 37 38 39 40 41 19 30 1 42 43 16 54 156 46 22 24 25 19 26 27 1 23 22 28 29 1 23 22 30 31 19 32 33 22 30 1 34 35 36 37 38 39 40 41 19 30 1 42 43 47 16 54 156 #6883
34 1 2 6 1801 610 767 238 608 777 6 135 31 68 438 6 608 70 19 20 1 21 22 1 23 17 260 57 46 22 19 20 1 21 22 1 23 47 17 260 57 #6892
40 370 1262 1263 1233 #6903
40 1 2 6 66 417 1 468 61 #6906
40 1 2 6 370 1262 1263 1233 #6907
