3 16 106 107 108 #32
3 16 106 109 110 #33
3 1 2 3 232 10 31 233 10 234 235 236 #145
3 16 552 18 85 608 70 46 22 195 196 621 622 518 #908
3 16 552 18 85 608 70 6 68 623 624 238 236 46 22 19 371 613 69 614 518 #911
3 625 626 186 627 628 #914
3 1 2 6 16 623 636 358 238 236 #922
3 1 2 3 16 623 638 639 236 61 #926
3 1 2 6 16 659 660 238 #973
3 16 552 18 85 608 70 6 608 15 46 22 19 371 613 69 614 518 #974
3 16 552 18 85 608 70 6 16 659 662 636 358 663 608 46 22 93 94 36 314 183 518 #979
3 1 2 6 608 15 6 135 31 90 219 113 438 6 608 70 46 22 93 94 36 314 183 518 #980
3 1 2 6 666 172 100 236 46 22 19 20 1 21 22 1 23 47 53 54 66 #984
3 608 15 6 16 49 46 22 93 94 36 314 183 518 #985
3 1 2 6 93 94 15 6 490 669 6 248 16 106 24 98 638 #1006
3 637 614 6 93 94 307 15 #1013
3 16 552 18 85 608 70 6 16 659 662 674 675 676 22 677 663 608 46 22 93 94 36 314 183 518 16 659 662 674 675 676 22 677 663 608 #1016
3 1 2 6 238 678 #1021
2 1 2 6 247 623 272 296 236 #1039
3 93 94 15 46 22 93 94 36 314 183 518 #1048
3 1 2 6 93 94 307 15 6 90 219 113 69 70 19 20 1 21 22 1 23 17 151 26 152 46 22 19 20 1 21 22 1 23 47 17 151 26 152 #1055
3 1 2 3 695 16 623 466 696 238 236 #1060
3 1 2 6 135 31 90 113 136 6 659 699 238 236 #1063
3 16 623 699 238 236 #1067
3 16 552 18 85 608 70 6 16 659 712 713 714 608 46 22 93 94 36 314 183 518 #1069
3 16 552 18 85 608 70 6 135 31 90 438 46 22 19 371 613 69 614 518 #1070
3 1 2 6 1 2 6 716 717 718 719 6 107 425 720 171 107 6 31 19 371 438 70 #1078
2 16 552 18 85 608 70 6 16 623 722 219 296 236 46 22 93 94 36 314 183 518 #1084
2 16 552 18 85 608 70 6 16 623 722 219 296 236 46 22 93 94 36 314 183 518 637 614 #1086
3 16 552 18 85 608 70 6 68 69 614 46 22 19 371 613 69 614 518 637 614 #1089
3 1 2 93 94 #1097
3 16 552 18 85 608 70 6 16 623 731 608 236 46 22 93 94 36 314 183 518 #1106
3 732 733 98 734 735 736 216 #1108
3 1 2 6 16 738 652 61 46 22 19 358 644 518 234 738 652 #1112
3 1 2 6 16 307 742 61 #1115
2 1 2 272 296 #1124
3 16 552 18 85 608 70 6 16 659 413 608 46 22 93 94 36 314 183 518 #1127
3 1 2 6 16 659 466 752 46 22 24 25 19 26 27 1 23 22 28 29 1 23 22 30 31 19 32 33 22 30 1 34 35 36 37 38 39 40 41 19 30 1 42 43 518 16 623 466 752 236 654 #1129
3 1 2 753 754 35 #1132
2 1 2 758 296 #1138
3 1 2 6 16 307 301 93 94 61 #1145
3 16 552 18 85 608 70 6 16 659 674 675 676 677 608 46 22 93 94 36 314 183 518 608 15 #1155
3 1 2 6 608 15 6 153 236 215 768 769 6 135 31 68 438 6 608 70 46 22 93 94 36 314 183 518 #1156
3 1 2 6 135 85 219 113 438 2 501 63 152 236 61 #1157
3 1 2 6 16 307 301 93 94 61 #1162
3 1 2 6 16 307 301 93 94 61 #1163
3 1 2 93 94 15 #1167
3 16 552 18 85 608 70 6 16 659 674 675 676 677 608 46 22 93 94 36 314 183 518 637 614 #1173
3 16 552 18 85 608 70 6 16 659 674 675 676 677 608 46 22 93 94 36 314 183 518 #1174
3 1 2 6 180 1 294 6 135 85 68 438 2 153 236 46 22 19 20 1 21 22 1 23 47 53 54 55 6 161 162 #1189
3 16 552 18 85 608 70 6 16 659 776 608 46 22 93 94 36 314 183 518 #1190
3 608 15 135 136 545 91 70 46 22 93 94 36 314 183 518 #1194
3 1 2 518 608 183 #1195
3 608 15 6 637 614 46 22 93 94 36 314 183 518 93 94 15 #1200
3 1 2 6 93 94 15 #1441
3 1 2 6 638 #2105
3 1 2 1015 425 718 719 #2106
3 16 552 18 85 608 70 6 68 512 623 1031 93 94 1032 236 46 22 93 94 36 314 183 518 637 614 6 68 135 1032 238 236 61 #2147
2 1 2 6 623 272 296 236 61 #2159
3 16 659 1034 608 46 22 93 94 36 314 183 518 #2177
3 16 552 18 85 608 70 6 16 659 1035 298 608 46 22 93 94 36 314 183 518 #2181
3 1 2 6 19 67 15 6 135 31 68 438 6 608 70 46 22 93 94 36 314 183 518 #2182
3 1 2 16 49 93 94 #2199
3 1 2 6 16 623 1043 236 #2212
3 1 2 3 625 659 469 10 238 61 #2224
3 16 659 718 719 93 94 #2226
3 16 623 1049 10 1050 #2233
3 1 2 6 93 94 307 15 46 22 93 94 36 314 183 518 1 2 6 93 94 307 15 #2244
3 1 2 608 15 #2255
2 1 2 3 16 623 272 296 236 61 46 22 10 743 644 518 16 623 272 296 236 #2258
2 1 2 16 49 19 639 #2263
3 16 552 18 85 608 70 6 16 659 662 674 675 676 22 677 663 608 46 22 93 94 36 314 183 518 #2268
2 1 2 6 1058 272 296 236 654 #2272
3 16 659 413 608 46 22 93 94 36 314 183 518 93 94 15 #2275
3 1 2 6 135 31 68 438 70 61 #2299
3 1 2 731 46 22 24 25 19 26 27 1 23 22 28 29 1 23 22 30 31 19 32 33 22 30 1 34 35 36 37 38 39 40 41 19 30 1 42 43 518 503 #2301
3 1 2 1062 #2305
3 16 552 18 85 608 70 6 16 623 674 675 676 22 677 861 608 236 46 22 19 371 613 69 614 518 90 69 70 #2306
3 93 94 15 46 22 93 94 36 314 183 518 #2307
3 1 2 6 1063 1064 1 1065 659 753 754 238 6 16 659 93 94 238 6 31 19 371 438 69 70 #2312
3 16 552 18 85 608 70 6 16 623 413 608 236 46 22 93 94 36 314 183 518 #2320
3 16 552 18 85 608 70 6 16 623 413 608 236 46 22 93 94 36 314 183 518 637 614 #2321
3 16 552 18 85 608 70 6 16 623 662 1034 663 608 236 46 22 93 94 36 314 183 518 #2323
2 16 659 272 296 46 22 93 94 36 314 183 518 #2327
3 1 2 6 16 137 1070 93 94 61 #2334
3 1 2 6 16 623 1071 236 #2335
3 1 2 6 93 94 307 15 #2338
3 16 738 652 #2345
3 1 2 6 93 94 15 #2347
3 1 2 6 16 623 216 236 #2350
3 16 552 18 85 608 70 6 16 659 674 675 676 22 677 608 46 22 93 94 36 314 183 518 #2360
2 1 2 6 659 272 296 #2374
2 1 2 16 659 758 #2377
3 16 552 18 85 608 70 6 16 659 674 675 676 677 608 46 22 93 94 36 314 183 518 637 614 61 #2385
3 1 2 6 16 738 652 #2387
3 1 2 945 #2393
3 1 2 1087 #2395
3 1088 10 6 116 914 261 950 46 22 93 94 36 314 183 518 16 49 93 94 31 358 1089 24 294 #2396
3 1 2 6 93 94 307 15 #2402
3 1 2 3 16 659 638 608 #2404
3 1 2 6 19 67 307 15 6 135 31 68 438 6 608 70 19 20 1 21 22 1 23 17 592 241 242 22 240 241 242 46 22 19 20 1 21 22 1 23 47 17 592 241 242 22 240 241 242 #2408
3 16 552 18 85 608 70 6 16 659 662 674 675 676 22 677 861 663 608 46 22 93 94 36 314 183 518 637 614 #2423
3 16 552 18 85 608 70 6 16 623 1035 298 608 236 46 22 93 94 36 314 183 518 #2424
3 1 2 1100 #2428
3 1 2 699 238 #2429
3 1 2 6 738 652 #2432
3 608 15 6 135 136 68 659 522 608 46 22 93 94 36 314 183 518 #2433
3 1 2 6 16 307 466 137 93 94 61 #2443
2 1 2 6 10 71 468 272 296 236 #2444
3 580 218 1106 152 6 16 443 68 46 22 24 25 19 26 27 1 23 22 28 29 1 23 22 30 31 19 32 33 22 30 1 34 35 36 37 38 39 40 41 19 30 1 42 43 47 53 54 #2445
3 1 2 56 16 623 1035 298 608 236 59 #2454
2 1 2 6 16 623 272 296 236 61 #2456
3 1113 1114 1115 16 236 624 238 46 22 93 94 36 314 183 518 93 94 15 #2458
3 16 552 18 85 608 70 6 16 659 674 675 676 677 608 46 22 93 94 36 314 183 518 637 614 61 #2462
2 1 2 6 1058 272 296 236 654 #2464
3 16 659 914 1119 46 22 93 94 36 314 183 518 #2478
3 16 552 662 1179 663 1180 745 662 854 464 663 #2823
3 16 552 18 85 608 70 6 135 31 90 438 46 22 19 371 613 69 614 518 #3271
3 16 236 413 608 46 22 93 94 36 314 183 518 93 94 15 #3284
3 1265 578 46 22 19 20 1 21 22 1 23 47 17 #3285
3 1 2 6 16 307 413 93 94 61 #3287
3 1 2 16 49 93 94 #3294
3 2 1269 1270 152 135 438 116 944 10 46 22 93 94 36 314 183 518 93 94 15 #3300
3 490 449 803 6 16 4 #3309
3 90 69 70 4 608 #3314
3 1 2 1087 #3316
2 1 2 6 1058 758 296 236 #3321
3 1 2 6 16 659 693 #3322
3 608 15 46 22 93 94 36 314 183 518 608 15 #3323
3 1 2 6 93 94 307 15 46 22 24 25 139 808 39 19 608 307 183 207 43 518 93 94 307 183 #3327
3 1 2 6 16 659 101 238 #3334
2 1 2 6 16 623 758 296 236 46 22 93 94 36 314 183 518 16 623 758 296 236 #3337
3 1 2 6 93 94 15 #3345
3 90 69 70 659 742 #3348
3 16 552 18 85 608 70 6 16 659 662 674 675 676 22 677 663 608 46 22 93 94 36 314 183 518 608 15 #3349
3 16 552 18 85 608 70 6 16 659 413 608 46 22 93 94 36 314 183 518 #3350
3 16 552 18 85 608 70 6 16 659 1035 298 608 46 22 93 94 36 314 183 518 #3354
3 1 2 6 135 85 68 438 2 614 6 468 1286 37 236 61 19 20 1 21 22 1 23 53 54 55 18 46 22 19 20 1 21 22 1 23 47 53 54 55 18 #3357
3 1 2 6 16 623 660 338 1088 94 236 #3360
3 1 2 6 93 94 15 24 25 19 26 27 1 23 22 28 29 1 23 22 30 31 19 32 33 22 30 1 34 35 36 37 38 39 40 41 19 30 1 42 43 16 17 169 46 22 24 25 19 26 27 1 23 22 28 29 1 23 22 30 31 19 32 33 22 30 1 34 35 36 37 38 39 40 41 19 30 1 42 43 47 16 17 169 #3361
3 1 2 6 735 546 85 338 1079 1287 16 235 19 #3363
3 1 2 6 16 659 753 754 #3365
3 1 2 6 16 659 660 338 1088 238 #3369
3 93 94 307 15 6 637 70 46 22 93 94 36 314 183 518 #3371
2 1 2 623 272 296 236 #3373
3 1 2 6 684 659 102 238 46 22 24 25 19 26 27 1 23 22 28 29 1 23 22 30 31 19 32 33 22 30 1 34 35 36 37 38 39 40 41 19 30 1 42 43 518 16 659 1289 238 #3376
3 1 2 6 16 623 1070 236 46 22 19 358 644 518 651 659 1063 1064 #3377
3 1 2 16 659 546 #3378
3 1 2 6 93 94 307 15 #3384
3 1 2 6 93 94 307 15 #3386
3 16 659 215 768 769 238 46 22 93 94 36 314 183 518 #3388
3 90 69 70 4 608 #3389
3 90 69 70 4 608 #3390
3 1 2 1290 #3392
3 16 552 18 85 608 70 6 562 301 608 236 570 #3401
3 1 2 6 16 738 652 #3405
3 1 2 6 856 1293 16 738 652 #3410
3 1 2 638 #3411
3 1 2 718 719 #3420
3 1 2 6 856 1293 16 738 652 #3425
3 1 2 6 1308 16 659 466 137 93 94 61 #3429
3 1 2 6 16 659 413 608 6 16 1039 426 6 16 81 735 270 89 46 22 24 25 19 26 27 1 23 22 28 29 1 23 22 30 31 19 32 33 22 30 1 34 35 36 37 38 39 40 41 19 30 1 42 43 518 93 94 307 183 6 358 359 307 183 6 30 1309 117 30 6 1297 735 270 1310 89 61 #3433
3 1 2 6 234 235 654 #3441
3 1 2 6 16 659 1063 238 #3449
3 1 2 6 16 137 466 137 93 94 61 46 22 93 94 36 314 183 518 93 94 183 #3453
3 16 552 18 85 608 70 6 659 1035 298 608 46 22 93 94 36 314 183 518 608 15 #3464
3 16 552 18 85 608 70 6 659 1035 298 608 46 22 93 94 36 314 183 518 608 15 #3466
3 1 2 6 1290 1319 659 753 46 22 93 94 36 314 183 518 #3472
3 1 2 6 635 10 98 1320 6 608 15 6 135 31 68 438 6 608 70 46 22 93 94 36 314 183 518 #3478
3 16 659 413 608 46 22 19 20 1 21 22 1 23 47 17 18 #3913
3 1 2 93 94 15 #3932
3 1 2 6 93 94 15 #4197
3 1 2 6 93 94 307 183 61 #4297
3 1 2 3 1466 469 608 61 46 22 24 25 139 808 39 19 608 307 183 207 43 518 #4310
3 1 2 6 16 623 753 754 236 #4313
3 1 2 6 1063 1064 684 659 753 754 238 6 16 659 138 238 236 19 6 16 70 745 68 #4319
3 16 552 18 85 608 70 6 16 623 1035 298 608 236 46 22 93 94 36 314 183 518 #4329
3 1290 1476 138 768 238 6 135 85 68 438 6 2 614 153 236 61 46 22 19 371 613 69 614 518 608 183 1475 4 61 #4339
3 1 2 3 16 1478 640 734 1479 358 1217 870 60 1480 186 659 469 608 61 #4345
3 1 2 6 16 552 742 56 1483 1484 59 31 1485 56 1486 22 1487 59 235 19 #4360
3 1 2 6 899 1043 6 5 1488 1293 6 16 738 652 #4361
3 1 2 93 94 15 #4369
3 1 2 6 93 94 15 248 16 44 266 150 #4376
3 1 2 6 608 15 6 16 623 1489 1490 769 236 61 46 22 19 371 613 69 614 518 608 183 6 1475 61 #4378
3 93 94 15 6 16 153 236 #4385
3 1 2 6 1087 #4393
3 16 552 18 85 608 70 6 16 623 674 675 676 608 236 46 22 93 94 36 314 183 518 #4408
2 1312 351 207 296 913 279 1472 623 272 296 71 6 16 443 91 46 22 93 94 36 314 183 518 #4411
3 1 2 6 16 738 652 #4415
2 1 2 623 272 296 659 #4416
2 1 2 623 272 296 659 #4417
3 93 94 307 15 659 1494 608 46 22 93 94 36 314 183 518 #4418
3 16 236 413 608 46 22 93 94 36 314 183 518 #4420
3 608 15 46 22 93 94 36 314 183 518 #4421
3 1 2 6 638 #4422
3 16 659 840 #4424
3 16 623 840 238 236 19 #4427
3 1 2 6 16 738 652 #4429
3 1 2 6 16 659 272 296 46 22 93 94 36 314 183 518 1 2 6 16 659 272 296 #4430
3 16 659 636 1119 46 22 93 94 36 314 183 518 #4432
3 1 2 1087 #4446
3 16 552 18 85 608 70 6 16 623 413 608 236 46 22 93 94 36 314 183 518 637 614 #4452
3 16 552 18 85 608 70 6 16 659 413 608 46 22 93 94 36 314 183 518 #4453
3 1 2 1087 #4454
3 1 2 16 659 216 #4455
3 1 2 6 93 94 15 #4468
3 66 315 1506 655 207 93 94 1 257 46 22 93 94 36 314 183 518 #4476
3 16 659 466 696 238 #4483
3 914 261 651 236 914 358 171 1508 261 238 6 135 31 68 136 6 1509 70 46 22 93 94 36 314 183 518 #4485
3 1 2 6 1293 1511 16 738 652 #4489
3 1 2 16 659 466 1512 #4492
3 16 738 652 #4493
3 16 552 18 85 608 70 6 16 659 674 675 676 22 677 861 608 46 22 93 94 36 314 183 518 #4494
3 16 552 18 85 608 70 6 1513 1366 554 608 236 19 46 22 93 94 36 314 183 518 637 70 #4495
3 1 2 1087 #4498
3 1 2 1071 #4499
3 1 2 3 16 703 640 734 1479 358 56 870 59 1480 186 236 1514 608 61 #4505
3 16 659 261 608 6 135 136 68 70 46 22 93 94 36 314 183 518 #4514
3 1 2 6 1366 238 236 #4519
3 1 2 6 16 659 731 238 46 22 19 358 644 518 16 623 1516 138 236 #4526
3 16 659 415 608 46 22 93 94 36 314 183 518 #4529
3 16 552 18 85 608 70 6 16 659 1035 298 608 46 22 93 94 36 314 183 518 #4541
3 1 2 6 93 94 307 183 61 #4542
3 16 552 18 85 608 70 6 16 659 1035 298 608 46 22 93 94 36 314 183 518 #4556
3 16 552 18 85 608 70 6 16 659 1035 298 608 46 22 93 94 36 314 183 518 #4557
3 1 2 6 16 623 660 636 39 1526 639 236 46 22 24 25 139 808 39 19 608 307 183 207 43 518 16 153 236 #4561
3 1 2 3 16 623 638 238 153 236 61 #4564
3 16 552 18 85 608 70 6 16 659 1035 298 608 46 22 93 94 36 314 183 518 #4567
3 16 552 18 85 608 70 6 16 659 674 676 677 608 46 22 93 94 36 314 183 518 637 70 #4570
3 16 552 18 85 608 70 6 16 659 1035 298 608 46 22 93 94 36 314 183 518 #4571
3 16 552 18 85 608 70 6 16 659 413 608 46 22 93 94 36 314 183 518 608 15 #4577
3 16 552 18 85 608 70 6 16 659 1536 351 608 46 22 93 94 36 314 183 518 #4578
3 899 731 6 93 94 15 6 16 153 236 19 #4579
3 1 2 6 497 284 15 6 234 153 497 284 6 135 85 68 438 2 637 614 153 236 61 46 22 19 371 613 69 614 518 284 15 6 1475 4 61 #4583
3 16 552 18 85 608 70 6 93 94 655 1035 298 46 22 93 94 36 314 183 518 #4586
3 1 2 6 68 69 70 6 608 70 46 22 19 371 613 69 614 518 #4587
3 1 2 518 608 183 6 16 623 138 19 #4589
2 16 552 18 85 608 70 6 16 623 722 219 296 236 46 22 93 94 36 314 183 518 #4592
2 16 552 18 85 608 70 6 16 659 722 219 296 46 22 93 94 36 314 183 518 637 614 #4593
3 498 93 94 16 1553 1180 #4698
2 16 552 18 85 608 70 6 16 659 722 219 296 46 22 93 94 36 314 183 518 #5257
2 16 552 18 85 608 70 6 16 659 722 219 296 46 22 93 94 36 314 183 518 16 659 722 219 296 61 #5258
2 16 552 18 85 608 70 6 128 723 190 1058 722 219 236 46 22 93 94 36 314 183 518 #5308
3 1 2 6 93 94 183 #5329
3 1 2 16 659 102 #5334
3 1 2 6 16 659 638 #5358
3 1 2 6 16 738 652 #5367
3 1 2 6 16 659 713 714 608 6 1631 1234 #5368
3 16 552 18 85 608 70 6 95 96 15 6 16 4 46 22 190 150 183 518 95 96 15 #5369
3 16 552 18 85 608 70 6 16 659 413 608 46 22 93 94 36 314 183 518 #5372
3 1 2 6 16 659 444 608 61 #5375
3 659 466 1512 #5382
3 1 2 6 234 1087 #5384
3 1 2 6 93 94 307 183 61 #5388
3 16 623 1225 1031 93 94 236 #5390
3 16 659 1154 238 46 22 93 94 36 314 183 518 659 1154 #5398
3 1 2 638 #5399
3 1 2 6 16 623 467 236 #5403
3 1 2 6 93 94 307 15 6 637 614 #5412
3 608 15 6 659 272 10 #5413
3 1 2 6 16 738 652 #5414
3 1 2 6 608 15 #5415
2 1 2 272 296 236 #5420
3 1 2 3 247 623 638 639 236 61 #5421
3 1 2 3 135 336 469 409 6 659 1470 236 6 1631 369 #5426
3 1 2 6 608 15 6 661 1508 1618 #5438
3 1 2 6 1644 71 651 659 215 768 608 6 135 31 68 438 6 608 70 46 22 19 371 613 69 614 518 238 67 15 #5454
3 16 659 914 358 171 1508 1618 46 22 93 94 36 314 183 518 16 767 #5458
2 1 2 6 16 623 758 296 236 #5471
3 1 2 6 234 738 652 #5478
3 16 552 18 85 608 70 6 16 659 413 608 46 22 93 94 36 314 183 518 #5480
3 1 2 6 16 659 216 #5482
3 1 2 1087 46 22 24 25 654 922 31 654 93 358 22 460 210 31 18 210 41 1 294 207 43 518 1488 1293 #5485
3 16 552 18 85 608 70 6 16 659 1035 298 608 46 22 93 94 36 314 183 518 637 614 #5492
3 1 2 6 16 623 216 236 #5502
3 1 2 6 16 659 693 #5507
3 1 2 6 16 738 652 #5508
3 16 659 413 608 46 22 93 94 36 314 183 518 16 767 #5510
3 16 659 914 261 608 46 22 93 94 36 314 183 518 16 767 #5512
3 16 623 914 358 171 1508 1618 236 19 46 22 93 94 36 314 183 518 16 767 #5513
3 1 2 6 1653 1076 284 1644 71 651 659 215 768 769 608 6 135 770 68 438 6 608 70 46 22 19 371 613 69 614 518 608 183 6 1475 61 #5517
3 1 2 6 16 659 1160 238 #5527
3 16 552 18 85 608 70 6 16 659 693 608 46 22 93 94 36 314 183 518 #5528
3 16 552 18 85 608 70 6 16 659 1035 298 608 46 22 93 94 36 314 183 518 #5529
3 16 552 18 85 608 70 6 16 659 1035 298 608 46 22 93 94 36 314 183 518 #5530
3 16 552 18 85 608 70 6 16 659 1438 171 107 1654 171 107 608 46 22 93 94 36 314 183 518 #5531
3 16 18 85 608 70 6 16 659 1035 298 608 46 22 93 94 36 314 183 518 #5532
3 16 552 18 85 608 70 6 16 659 413 608 46 22 93 94 36 314 183 518 #5533
3 1 2 6 1 625 659 522 608 61 #5541
3 16 552 18 85 608 70 6 16 659 413 608 46 22 93 94 36 314 183 518 #5545
2 1 2 6 16 623 272 296 659 #6047
4 1 2 6 1691 115 623 753 754 236 #6386
3 135 1723 608 6 16 777 46 22 19 371 613 69 614 518 #6397
3 1 2 3 16 623 638 238 153 236 61 #6416
3 1 2 6 93 94 307 15 #6446
3 1 2 6 93 94 639 15 6 1729 227 279 1730 6 16 623 107 1731 236 #6460
3 1 2 6 1691 115 16 659 753 754 #6466
3 16 552 18 85 608 70 6 16 659 674 675 676 677 608 46 22 93 94 36 314 183 518 #6469
2 1 2 6 16 623 758 296 236 46 22 93 94 36 314 183 518 1736 #6471
3 16 659 413 608 46 22 93 94 36 314 183 518 #6484
3 1 2 1691 115 16 659 753 #6486
3 1 2 6 16 738 652 #6494
2 1 2 6 1745 272 296 61 #6495
3 16 552 18 85 608 70 6 16 659 1035 298 608 46 22 93 94 36 314 183 518 #6503
3 1 2 16 659 216 238 46 22 24 25 19 26 27 1 23 22 28 29 1 23 22 30 31 19 32 33 22 30 1 34 35 36 37 38 39 40 41 19 30 1 42 43 518 153 236 #6516
2 1 2 6 135 31 230 106 6 16 226 272 296 236 #6518
2 1 2 6 272 296 236 6 554 279 272 296 #6528
3 16 552 18 85 608 70 6 16 659 674 675 676 677 608 46 22 93 94 36 314 183 518 #6532
3 16 552 18 85 608 70 6 659 1035 298 608 46 22 93 94 36 314 183 518 #6533
3 16 623 101 238 236 19 #6547
3 16 552 18 85 608 70 6 16 659 1035 298 608 46 22 93 94 36 314 183 518 #6556
3 1 2 6 16 623 742 238 153 236 61 46 22 93 94 36 314 183 518 16 623 742 236 #6558
3 16 552 18 85 608 70 6 16 659 413 608 46 22 93 94 36 314 183 518 #6559
2 16 659 1751 39 608 36 722 219 296 46 22 93 94 36 314 183 518 #6561
3 1 2 6 16 623 1225 296 19 61 46 22 93 94 36 314 183 518 #6564
2 1 2 6 16 623 272 296 236 #6567
2 1 2 6 16 623 272 296 236 #6571
2 1 2 6 623 758 236 46 22 19 371 613 69 614 518 #6579
2 1 2 6 16 623 758 296 236 46 22 24 25 19 26 27 1 23 22 28 29 1 23 22 30 31 19 32 33 22 30 1 34 35 36 37 38 39 40 41 19 30 1 42 43 518 16 623 758 296 236 #6581
2 1 2 6 16 623 272 296 153 236 61 46 22 19 371 613 69 614 518 16 623 272 296 236 #6588
2 1 2 6 16 623 272 296 236 #6592
3 16 552 18 85 608 70 6 16 659 674 675 676 677 608 46 22 93 94 36 314 183 518 #6597
3 16 552 18 85 608 70 6 16 659 674 675 676 677 608 46 22 93 94 36 314 183 518 #6598
3 1 2 6 16 659 1160 46 22 93 94 36 314 183 518 #6600
3 16 738 652 #6604
3 16 1023 236 1038 608 6 1758 236 1038 608 #6607
3 16 552 18 85 608 70 6 16 659 1035 298 608 46 22 93 94 36 314 183 518 #6611
3 16 552 18 85 608 70 6 16 659 1035 298 608 46 22 93 94 36 314 183 518 #6612
3 16 552 18 85 608 70 6 16 659 1035 298 608 46 22 93 94 36 314 183 518 #6613
2 1 2 3 16 659 758 296 #6618
3 1 2 6 16 659 1746 238 #6630
3 1 2 6 16 659 101 #6631
3 1 2 6 93 94 307 15 6 608 70 68 46 22 93 94 36 314 183 518 #6637
3 1763 1764 659 1332 82 608 46 22 93 94 36 314 183 518 #6641
3 1763 1764 659 1332 82 608 46 22 93 94 36 314 183 518 #6643
3 16 552 18 85 608 70 6 16 659 1035 298 608 46 22 93 94 36 314 183 518 #6645
3 16 552 18 85 608 70 6 16 659 1035 298 608 46 22 93 94 36 314 183 518 #6646
3 16 552 18 85 608 70 6 16 659 674 675 676 677 608 46 22 93 94 36 314 183 518 #6647
3 16 552 18 85 608 70 6 16 659 415 608 46 22 93 94 36 314 183 518 #6648
3 1 2 6 16 623 288 289 236 19 #6649
3 16 659 413 608 46 22 93 94 36 314 183 518 #6650
3 1 2 6 16 623 338 1079 1287 236 #6654
3 1 2 6 16 236 63 152 66 417 6 135 31 68 438 6 608 70 46 22 19 371 613 69 614 518 4 152 284 66 417 98 63 152 66 417 61 #6657
3 1 2 93 94 15 #6659
3 608 15 6 1774 578 16 659 753 754 6 31 230 106 77 70 46 22 93 94 36 314 183 518 #6676
3 1 2 6 651 397 370 61 135 31 230 106 637 608 70 61 632 397 370 77 153 236 46 22 19 371 613 69 614 518 66 67 1018 6 1775 61 #6678
3 16 552 18 85 608 70 6 16 659 413 608 46 22 93 94 36 314 183 518 #6679
3 1 2 6 16 659 413 608 46 22 93 94 36 314 183 518 #6680
3 16 552 18 85 608 70 6 659 674 675 676 677 608 46 22 93 94 36 314 183 518 #6681
3 16 552 18 85 608 70 6 659 674 675 676 677 608 46 22 93 94 36 314 183 518 #6682
3 16 552 18 85 608 70 6 659 674 675 676 22 677 608 46 22 93 94 36 314 183 518 #6683
3 1 2 6 68 69 70 6 608 70 46 22 19 371 613 69 614 518 #6686
3 16 659 413 608 46 22 93 94 36 314 183 518 #6687
3 1 2 3 608 183 503 #6688
3 1 2 3 608 183 503 #6689
3 1 2 3 608 183 503 #6690
3 1 2 3 608 183 503 #6691
3 1 2 3 608 183 503 #6692
3 16 659 914 1119 46 22 93 94 36 314 183 518 #6694
3 1 2 68 69 70 #6758
3 1 2 3 81 1784 #6771
2 1 2 3 639 15 #6823
3 1 2 6 238 659 1403 #6865
3 1 2 6 578 1797 6 68 69 637 70 61 46 22 19 371 613 69 614 518 578 135 236 1200 1798 608 6 684 769 6 1475 61 #6880
3 93 94 307 183 46 22 93 94 36 314 183 518 16 767 #6908
